[100.14736903938687, 63.82546659626538, 27.30225150292768, 1.4146216332892443, 58.13680958747865]
[106.62755499922704, 65.08015816487546, 26.936469569202472, 1.4165603951459893, 61.90418042242528]
[104.52535815395495, 62.60195965818141, 55.640175114526784, 2.5175360972816847, 243.3133141994477]
[108.54346571572898, 61.67548055636328, 25.29814798972291, 1.6418495969516471, 57.41720199584959]
[84.91910224224257, 63.546998930664124, 34.21542609684756, 2.566957835306556, 107.65287280082703]
[96.28202354907921, 64.83903367393448, 43.55183964908872, 2.312399228326054, 223.40016458183527]
[81.67654779049901, 60.46946232667566, 16.942577054206737, 0.7822597781978156, 172.24880218505854]
[105.08293671567681, 61.651427299734955, 43.19248660702191, 1.4520713501093327, 230.70484399795535]
[95.71506138948749, 63.62161305202407, 20.278052997322124, 1.662305438743965, 155.0314922332764]
[135.50085466481008, 60.47623303585156, 87.7554473455702, 0.8369886775715516, 102.27022916078568]
[94.14725817362196, 65.857148479202, 30.472914568481006, 2.483964256867181, 62.443239927291884]
[87.94627585134504, 60.39473607496469, 13.200513139480641, 0.029049906434075012, 53.81986498832703]
[93.41771500807897, 64.0006837630823, 19.836369021655482, 2.514062239499316, 107.64849185943602]
[114.14504840296082, 67.1399374265322, 7.884628590760692, 2.957835089884911, 110.7344627380371]
[96.06893234415357, 62.313663470349, 36.64312185276252, 1.7844227911008144, 101.50659084320067]
[163.66381163051568, 61.105897102992486, 79.98259720926332, 0.8323031571686386, 86.11178398132326]
[109.46090107186097, 60.74461714800233, 6.5861213501379465, 0.6997360995140826, 57.41252899169921]
[88.68268715716638, 63.439730399218504, 22.533356941712363, 3.1440996885318855, 101.92051029205325]
[85.60314245943027, 63.18451741839473, 22.708707401475436, 1.6418434014829206, 107.66226053237916]
[87.38154048976915, 64.15681564038985, 23.56932144606382, 2.9123643973828055, 223.1573339336175]
[154.12930676629307, 60.392153803368295, 79.99170400664065, 0.40809071594882507, 165.06102085113523]
[110.68095395225815, 61.23986418172023, 42.058316782078144, 0.9609289530257433, 97.72394352410676]
[90.57883971477534, 60.363531793929894, 31.96340095305374, 0.7145111210759155, 94.20201368629934]
[74.86758943593377, 62.719019855291236, 14.9491111750642, 0.5680372603975066, 182.98754096031192]
[96.87246310495993, 66.51046584107863, 24.411214368270947, 2.7313491995561034, 113.0458664149046]
[93.26042684016409, 62.63816647841811, 24.0525839438534, 1.0547506635352142, 107.65850543975829]
[94.28661190157929, 61.47536048443107, 46.58244182064767, 1.0885639180166078, 56.5229332074523]
[106.64744472800328, 66.30739587194284, 31.536251229021087, 3.308077802888392, 124.41068755255807]
[84.06359573324842, 63.586538345985026, 25.43266354588689, 2.0623552742809315, 158.66162968474416]
[104.34368373774036, 62.0028516298414, 41.339832762158714, 1.373907318290374, 101.20358383655547]
[104.58492790198056, 65.7119296969314, 19.14228056809689, 2.0656068041112343, 113.8104200363159]
[101.86784815956737, 63.93519031105806, 19.021299526614644, 1.3917193704124378, 110.7344627380371]
[100.4144385026738, 59.57421463122506, 42.76737967914438, 0.4604596249549502, 64.58383798599245]
[68.47761899059252, 59.23716509001207, 6.190661970509866, 0.2596379168202068, 57.41252899169921]
[78.46301048255755, 61.88822018901606, 20.254827107833457, 2.039632288651189, 61.00577712059019]
[95.15817467100223, 62.467176621489294, 42.45522474739628, 1.7128761165024768, 113.64591949515872]
[99.09979803478912, 63.097483800227344, 35.24878433295448, 3.0344081012841575, 112.63098575659762]
[105.65532028946663, 59.32953962740798, 22.916108281961932, 0.2157846211378711, 64.58383798599245]
[118.24277168494518, 59.91913312305711, 11.463110667996013, 0.2016259768892361, 161.4595949649811]
[105.29960374358436, 64.93330839347169, 26.03180590228112, 2.5791925033526684, 62.06450866580422]
[98.6349497698972, 61.10928395675904, 20.559627377040357, 1.5183594561706655, 100.48010349273677]
[75.4029102508351, 59.808203575806104, 15.872387399521049, 0.4010142104861337, 64.59330081939694]
[79.38579999615764, 63.06312875311575, 23.56828687206309, 0.8933400787452737, 156.0966655611992]
[97.89015737884104, 62.30665217597388, 23.840051731660733, 0.09888109646087621, 113.03551644086838]
[80.10481031461599, 67.97121578221487, 27.401327707603937, 2.3686773618344135, 177.228168764058]
[86.90524113377667, 62.14500414097014, 24.57316760821855, 1.3939258567084916, 155.50914075639517]
[93.7784372558097, 62.38006910818863, 28.168588037484444, 1.0360819476655991, 165.06102085113523]
[91.7726431179996, 63.20257451221714, 8.096030757412858, 1.818633233559599, 47.37189030647277]
[54.59976846109319, 60.24143597950416, 1.7220706193665727, 1.0701583150648126, 53.81986498832703]
[89.3003333854723, 64.81533570907006, 23.671253701942902, 1.6562725259219504, 104.58254814147948]
[96.34122107672509, 62.79823905264637, 14.477841923959911, 1.3724582552507392, 49.690140774969535]
[104.18065682130506, 65.95511908367594, 18.744868220917734, 1.5381013663628373, 54.66052357261704]
[117.77377385500418, 59.96965378139578, 19.92547991390329, 0.27169886666958987, 48.44379276037216]
[92.207019804926, 59.54885384381141, 13.974241380583196, 0.31064166875423377, 47.84896638658313]
[89.96300041349978, 63.890244188265314, 21.672494476530385, 3.2477102508932267, 51.439034276538436]
[97.2863926448768, 62.14236896991708, 7.996770572879353, 1.190574089603117, 47.05318551004669]
[93.43121302512773, 62.59795709127198, 5.067789918858613, 1.5374023226363567, 45.93600463867189]
[94.00474140349324, 61.641627196167505, 13.291031703056964, 1.0307135891480887, 45.456518067253974]
[84.83881761441071, 60.439618318550195, 23.962444310526546, 0.49828416116456425, 57.41252899169921]
[89.35195235448742, 63.50512359127265, 10.117280036638153, 1.7182394222219173, 43.0646538734436]
[84.01156966843635, 60.229526724129265, 10.01828107783232, 1.0296299575609424, 43.05589199066163]
[86.88786365617759, 61.11226914412986, 10.16017839164359, 0.7717744863424985, 43.78346705436709]
[104.58259717314489, 59.67884798187327, 26.667402826855138, 0.6618188041023387, 64.58383798599245]
[125.04419954911967, 63.25180091166383, 42.54678005272675, 1.307282749455145, 187.6333951950073]
[75.32421652772982, 66.8588858543277, 21.391750661492594, 1.7252029592489035, 150.7177019119262]
[90.27750474301808, 62.8017672014658, 3.6918212317363457, 0.6064328677912697, 136.35475635528562]
[86.33870727205893, 61.768417704766954, 10.107917657150901, 1.3939323076825318, 48.44379276037216]
[86.36389521640092, 60.18234755222487, 36.13610478359909, 0.747555734469298, 75.34781098365785]
[96.5572110410016, 61.32325649914262, 5.401217415611355, 1.2747774084334083, 47.679001092910774]
[122.54343029468168, 62.82853939477866, 27.280419540801827, 1.2698786714486803, 47.36842060089109]
[100.89881664059443, 62.325625519805726, 32.74067771076859, 1.3444482574109609, 48.447735607624054]
[90.60079424650168, 63.0819144962901, 12.832793953811366, 1.5080721108646142, 48.447735607624054]
[95.29415128533904, 63.164933577995164, 41.31912716157513, 2.5627770209636163, 41.408450645807946]
[61.62253775610886, 59.80015075932212, 14.8288189853205, 0.5641990457511622, 53.82862687110899]
[87.90421085994564, 61.74583211078023, 61.46359037460466, 1.9312888448910364, 103.35685157775876]
[98.78673890685214, 64.10288250265707, 34.813930571948006, 2.6194652530271747, 56.90719485282899]
[94.10342011545407, 63.46172890120743, 1.4747463967336882, 1.51518300484455, 48.44674989581109]
[91.00562490962831, 61.616353688998515, 12.773674724730471, 1.0000793435627942, 49.21531677246093]
[117.80425695821505, 60.973614445654945, 2.3592307802045696, 0.34544516062245734, 64.58383798599245]
[87.15956083639117, 60.1320057578208, 3.224764333175225, 0.635841111002498, 43.05939674377441]
[94.90662867401981, 60.434888441860004, 2.5003005675098358, 0.8702679397256461, 47.36842060089109]
[91.70564937403087, 62.035420137514116, 6.284030034130984, 1.740480000564616, 46.65147662162779]
[95.0592976012997, 64.40978094292396, 20.120857940214663, 1.2209185650595773, 51.439034276538436]
[98.43362719112596, 64.68319281373726, 13.967572539954459, 2.6077966277299884, 53.832482099533095]
[95.99763074520993, 63.899182573418514, 4.489093029085066, 2.066924895906278, 95.91637426171418]
[91.55466114685053, 61.62551302838552, 19.33628517462075, 1.6645937492338254, 47.20652029359128]
[97.2510605911194, 66.47752519456623, 13.304247202841355, 2.013629773142013, 103.35601043701175]
[99.78193160921896, 62.34205174935293, 31.586024111124313, 3.1252390941003156, 46.557662607197166]
[102.44303881215463, 63.28126504328811, 19.77723033792334, 2.3809491991137137, 53.82862687110899]
[96.01830945806553, 63.46750953675786, 24.6808558364783, 2.3514843569232853, 102.69552913643201]
[93.68028291280321, 64.55007482691798, 31.527716865749614, 1.7297244866451817, 51.6771640777588]
[99.88662564810373, 61.53051019979287, 16.894018405308167, 2.0675934426568188, 48.44822846353054]
[81.10633807800731, 60.27922980919797, 33.66449523206337, 0.7556417024747712, 43.06449456648392]
[91.75474843221839, 60.64019299391, 19.07988852797363, 1.418359724130794, 59.209080040454865]
[96.91995662531112, 63.615539241787964, 25.16218513627774, 1.8823728797203145, 47.37189030647277]
[94.75837836472243, 64.35160952321105, 10.95707161356226, 2.645553018601646, 47.85104327731663]
[95.80560587438391, 62.357681650423274, 2.1079805794565223, 1.6500961488022674, 48.13235103052792]
[95.11647609708538, 67.12249641663885, 6.822872511782571, 3.1861664606536686, 148.0317357927561]
[90.46287021342216, 63.08990397074043, 9.893215228966572, 1.5100555175262471, 47.84896638658313]
[90.74520581425998, 62.50208525029599, 15.284135959937554, 2.094643115015071, 47.23337899881894]
[85.77470363180609, 61.67600863063716, 5.153131419740298, 0.5760914000543309, 43.05589199066163]
[122.30268849017159, 60.5943828192899, 57.83656440775507, 0.6666552731455607, 82.53722786903379]
[157.71348695357506, 59.484276376416425, 36.55964079972892, 0.4284275155345796, 64.58383798599245]
[75.25137470542026, 63.227293944679616, 2.117046347211307, 0.23060001036391498, 43.05589199066163]
[96.86431637815647, 60.56419457037253, 31.089230285452622, 0.9191362961165298, 43.064788671640265]
[91.45905648531344, 63.05663277147938, 12.531027726091779, 2.045825276906492, 46.415511978997124]
[94.71440458686256, 63.60707843485245, 37.748602310735876, 1.6284687229453108, 102.08148720823688]
[90.15734540057302, 62.04065893795704, 16.098594130514954, 1.3211840867017917, 46.13935947418212]
[79.61132291269537, 59.91158936162518, 11.915359662021917, 0.5221346151958418, 78.94222736358641]
[97.0275352645865, 64.77784175127627, 13.445383452732623, 2.0728047918658916, 52.036456763744354]
[97.62683717061873, 62.80292744696656, 14.484669522197692, 1.982365921825879, 48.936925643731726]
[92.23104119386001, 65.2233074299252, 19.020971228039013, 1.5085521991198378, 147.13158011436457]
[70.55785123966942, 62.84501568829728, 20.557851239669425, 1.356001309205464, 139.9316489696503]
[77.7161153549653, 60.46476434249662, 18.994410960824162, 0.9285975957352939, 43.05589199066163]
[110.61237677773731, 61.64086158889178, 51.802799739296084, 0.8726884531390162, 46.13935947418212]
[96.13723423459153, 59.94008785252015, 32.921151156061484, 0.508290750396284, 60.28708076477048]
[88.0178017166895, 60.545734924636356, 18.830617073837995, 1.3151934902556042, 43.06377768516541]
[97.13915433150581, 60.07510661749685, 16.641188391206267, 1.3524845818962288, 47.84896638658313]
[66.81859596800814, 62.72050548640111, 16.05338202056409, 1.874895428343068, 183.00988376140594]
[94.59363028870199, 62.88202432317968, 7.724351485140331, 1.5503882453879718, 46.86503715581134]
[93.05780329880754, 62.79367154736043, 27.13029285854986, 1.6711281285411694, 102.87806855307687]
[107.48478380172438, 62.34218692729135, 32.07575718499727, 1.2129367824405028, 51.138236001133926]
[87.80093562378134, 64.77412013218677, 21.611881613077923, 2.1919561098332303, 55.36723136901855]
[102.63872309116731, 65.124201986902, 26.220205289560194, 2.469250419828019, 102.69295760160371]
[88.38107508865635, 62.920219673570365, 24.203387620521838, 2.225785355143719, 132.26616382598874]
[127.533548953612, 61.382859574427826, 58.01857524554105, 0.801034615010874, 80.73965460062027]
[88.4302689180738, 63.05675464368175, 37.21075672295185, 0.1466112154884982, 75.34781098365785]
[83.67723420971126, 61.96906682444603, 19.790259510128188, 0.7383223153450854, 41.408450645807946]
[126.25986370157818, 59.82446724931073, 59.03425394548062, 0.2791430007648792, 64.58383798599245]
[96.26895313853612, 61.41208300533675, 18.985620267104245, 1.898726651974331, 46.65451407432558]
[94.69482295459632, 63.76957421180861, 12.086439667230106, 1.3595167897238867, 144.98551464080816]
[90.73794407912797, 60.92515511048525, 13.344263983742925, 0.9390394511875928, 46.979448617982456]
[115.70325516167028, 64.07349514626246, 61.66346205303334, 1.9805322357336246, 139.9572774767876]
[98.22711316923868, 64.24471432872816, 23.398744342935444, 1.0660742570688346, 56.172380825972965]
[123.35687082908801, 65.15164397657242, 51.76251977026555, 3.0915745744431016, 102.87527773115373]
[70.50296766300545, 60.25664250247479, 20.153176141868105, 0.8540242539530067, 53.829722106456764]
[121.61365629854399, 61.60639852836384, 66.15380189560244, 0.9959770622706705, 49.21531677246093]
[120.26219463809898, 66.54388533298258, 8.436879623787219, 3.0433217191148665, 60.29002475738527]
[95.63208125905932, 65.54287415279852, 16.113392583873843, 1.5260824541206524, 104.96795810759069]
[67.85269458841515, 62.64411504786221, 4.325877244500725, 1.713546680389885, 104.06867861747737]
[64.84380225716424, 62.35005789116515, 13.289168746562563, 0.9629767960252188, 129.18344736099243]
[93.12016591991386, 66.33712279822848, 15.977639160827325, 2.9677255909896862, 48.44674989581109]
[82.61323580302448, 62.76878115047096, 26.95982960979027, 1.8711335430596772, 46.979448617982456]
[104.85686363717352, 61.254733978929494, 53.16093000923096, 1.7567560153849169, 184.5574378967285]
[115.4057335601618, 61.929184858918774, 60.75578472291229, 0.4896370446130607, 186.59071922302243]
[92.35693233452045, 62.95065227451562, 0.290126489008955, 0.8951199768467859, 43.05589199066163]
[84.99371997380895, 59.610457354621445, 9.654934273911474, 0.36935898252738997, 136.35475635528562]
[102.9958727012548, 64.41759341584182, 23.326891929909518, 1.2544718402528825, 123.80080372095108]
[100.40622768139691, 60.27536980046381, 30.847370753756838, 0.45842887941743293, 57.41252899169921]
[70.21047965882408, 60.552575073016115, 16.429991853946042, 0.7813959354437934, 53.81986498832703]
[79.34325911770141, 62.74835433051573, 18.862591438400955, 1.4202526832785811, 141.49403572082517]
[73.47311142718819, 62.87130942060024, 19.361776100741782, 2.470922860931376, 177.6272401213646]
[91.42053550690692, 62.8443980348881, 11.813906095717059, 1.8799292656967925, 47.92798751350745]
[95.684856123238, 63.36315080741378, 1.4898167436176701, 2.4468540221271224, 47.84896638658313]
[103.36052591219266, 65.83514363792136, 21.629834818361196, 2.3287707348281246, 56.5212082117796]
[96.5925117853036, 62.26514524615186, 2.237682841800504, 2.4926554995716446, 47.370733737945564]
[87.62446973671555, 65.62924663750856, 23.90346438501886, 2.386745324642558, 53.460845539034054]
[70.65816019654122, 63.28820813553458, 17.408002575590135, 2.2166163045634617, 183.01733136177057]
[99.46346632915686, 65.97487718715244, 32.61501900671369, 2.5692263269652975, 101.50659084320067]
[92.53447615237836, 64.47387121282388, 12.941118829392572, 3.2924730134315525, 147.4140842990763]
[87.29136824474055, 65.90330597806081, 28.391305340830073, 2.5001237841901314, 51.931527659142304]
[89.81001833761093, 63.564111771263654, 2.034092195262176, 1.8435879382214202, 43.06340217590331]
[99.81697577124464, 61.212137178313476, 37.99620535551201, 1.911153309905234, 43.065805435180664]
[90.04045105166324, 60.74276704893947, 4.480363964169771, 0.38426062041899123, 43.05939674377441]
[100.70382750126855, 63.053266964395334, 17.333277046401594, 3.400882207199029, 47.370733737945564]
[96.22435748092161, 65.41207897456279, 28.986287072658378, 2.6772087109085496, 148.77155595574501]
[91.68717142654155, 65.06630065517837, 21.865491110905552, 2.6108375913409865, 101.51013135910036]
[96.9911707733806, 62.477943465522834, 15.476641132611089, 0.7095473250526263, 179.41415309906003]
[89.40337694449511, 64.45303823498956, 16.25004961133977, 3.2989192292877707, 102.27647200226785]
[95.16196095628365, 62.62932957924619, 30.038293867412825, 1.171206347885793, 43.92687641143799]
[95.59271964786096, 64.3416459562483, 5.173799691810205, 1.7673631733173256, 46.65147662162779]
[99.34414602630932, 63.273535919918196, 38.17933399498816, 2.6713873405515014, 45.649499015808104]
[94.05794961275112, 65.050759742246, 27.772747067250283, 2.984972534360188, 150.7219076156616]
[100.62779554578536, 67.28924014433986, 24.309350405023416, 3.291239875561484, 129.194712638855]
[90.71721928858177, 64.45324208606453, 19.438242946560536, 2.360421399133658, 145.93934747907855]
[94.04669149675776, 66.39345632219215, 16.515228281492757, 1.614171001246007, 102.87527773115373]
[83.41081939337703, 62.65138661809903, 21.439248914136712, 1.4921016696268201, 66.39134138822556]
[103.54546401765433, 65.93691203060658, 37.391401073294396, 4.873057593716676, 129.19501304626468]
[79.70003142736101, 65.07211917794199, 21.716015999511548, 2.677346935180438, 50.241414705912284]
[96.4170071465664, 61.80145308910126, 29.506865935264564, 1.6402932304774493, 45.02330397771409]
[100.42884058486571, 64.24786068510957, 8.536907173451237, 2.4247361078270537, 54.65915485246649]
[88.49944973190361, 62.99522729457084, 23.03539170546927, 1.7542307539677677, 45.75526379048825]
[82.78619999608662, 61.10943988610782, 30.562971693194736, 0.9987476223890202, 150.71402192115784]
[106.82024354872841, 61.227159294331166, 13.375299298938652, 1.302902888227455, 50.23596286773681]
[80.2871109861414, 64.04006364548964, 18.875975849751182, 3.134668438490539, 157.89730548858637]
[103.58562125936376, 64.13152009638888, 12.579836053474198, 3.578963200030015, 116.27551174163823]
[96.52437900698555, 63.08016910988851, 38.6488444411416, 1.5750567294439877, 53.2649756798784]
[114.98550803536159, 63.305579524357164, 41.602530343570336, 2.5077737663754687, 55.98086071014402]
[95.40928251181674, 62.721126823966834, 22.023974161425674, 1.3878804609752555, 107.66017436981204]
[103.87861968502155, 64.42645424605469, 24.528830794422124, 1.4429578682585906, 57.419538497924805]
[106.46676648771718, 61.662680569781244, 5.2269086360113235, 1.2989904998669137, 51.67464065551756]
[90.28295333915604, 63.4595224967386, 20.11934085498615, 1.5222290522791806, 50.242096185684204]
[90.32249591336209, 63.62711197171047, 23.871005357654415, 2.975586470652301, 52.85187969523027]
[103.92531806725174, 62.52570395312201, 54.762474101505276, 2.0330900469213447, 125.60012936592098]
[92.18683671829228, 64.54245063480842, 29.090867209697922, 2.5982218899820166, 62.547373771667495]
[58.306630322828994, 61.23114347543422, 5.238038265067257, 1.740909620687649, 53.81986498832703]
[89.34516128971119, 65.34939906776985, 30.477371795465455, 3.319012059058305, 118.42297911643978]
[100.03788472830773, 61.78161245407908, 25.955195063941638, 1.8863887702008535, 55.026311344570594]
[104.93657634794556, 64.27023565616555, 19.936883482361328, 2.8865556123176614, 64.5983476638794]
[96.93362780964439, 64.6407110930766, 17.021841640448866, 2.422825827501735, 45.598414529978605]
[97.27465014074482, 63.24800929761554, 14.347111579922421, 2.571761526233563, 47.206963572276415]
[94.33575468274013, 63.1711256253811, 6.906851230046277, 1.1356963574559422, 45.456518067253974]
[94.19741710670326, 61.22677856612429, 16.65947161716938, 0.7707619126075423, 64.59172368049622]
[99.9373541936434, 62.34983182624735, 54.23744116646356, 1.5076957309443753, 46.377464723304904]
[80.55197240137993, 61.89022359929268, 2.4988750562471864, 1.4087238531441564, 129.1676759719849]
[97.56309787194964, 62.449020298746404, 6.145497356247511, 1.4550866780356415, 48.936925643731726]
[117.82287210385117, 65.09342730633854, 26.259848303025404, 3.2319596654201517, 62.802620232105255]
[90.4904113750327, 60.68831812125745, 12.055137399914388, 0.8225439437710637, 47.371504783630385]
[113.29728426026914, 63.412208763341674, 61.415620836868875, 1.9640083017865215, 52.63386302524144]
[107.11933196668684, 64.42764985850785, 33.12108665215454, 2.795349314073393, 64.59852169299948]
[107.17225105600043, 60.759931976490485, 42.999973278174764, 1.1001728583375632, 64.59610462188722]
[129.8806842480399, 61.62152198981374, 37.52947947399854, 0.22884197415679777, 122.00162410736083]
[91.04259891711557, 60.80131233739056, 10.316692527720857, 1.0644094158917485, 43.05939674377441]
[97.18289290360009, 64.06327975231584, 29.5978484393268, 1.4324211321910931, 55.17714908346534]
[104.17398681440892, 64.87946544033474, 34.80392742657132, 3.982321672282533, 54.23079007937584]
[106.08798918076039, 63.61905359295986, 32.10853519060896, 3.0088759791314077, 146.42220640182492]
[74.60133978956566, 60.21634119631764, 22.535224087086327, 0.3388028974934265, 43.05589199066163]
[96.472206956411, 60.35504806888018, 1.582866266032872, 0.8293113058260501, 48.44379276037216]
[94.83818437714322, 61.92805892817384, 4.906388289735571, 1.5514700568513937, 47.10244433954358]
[81.84097832474384, 61.16821518312912, 11.393693979695918, 0.9283528899439837, 75.34781098365785]
[100.8049308925929, 61.60334076386357, 47.79722452852743, 0.8906540336340515, 45.456518067253974]
[94.40344882582117, 62.27362167055267, 20.752973130365543, 1.2920897595482677, 43.06290149688719]
[90.03173679417857, 61.66343663995816, 17.747318888775965, 1.3264966903233428, 41.27029329538345]
[100.74246598299133, 63.84679023102591, 44.93902807560025, 2.1914657419395733, 183.01733136177057]
[102.61406485425752, 60.5059960189087, 52.41192162710956, 1.1411055067301585, 81.8181810379028]
[87.3429719728964, 60.50758045473594, 16.699427303373437, 1.4122562061297836, 48.447735607624054]
[113.3861222666505, 62.08412770666423, 50.56270091978885, 1.4171894942488072, 181.48148059844968]
[95.7746179966044, 63.66527735641105, 0.935908319185053, 0.04556574067644448, 96.87575697898866]
[89.32242096299096, 62.574051585768636, 31.34052240895835, 2.679554411893037, 102.27959342300892]
[83.60706899583073, 62.06831817684811, 29.66239751322933, 0.9625810486225244, 64.59172368049622]
[98.88951966023602, 65.38657745292292, 30.88590371533912, 3.681457421194271, 64.5990027831151]
[82.42438519786033, 60.695406596350374, 20.294179211359328, 0.8716712567665286, 46.653375029563904]
[85.98557842594633, 61.77928301784784, 22.808306213215193, 1.3223159065293535, 43.06568112866632]
[95.42691709337122, 63.75108903063122, 21.669775631884406, 2.1427973265360016, 50.242777665456146]
[98.43451514133325, 63.48026453571003, 25.74890474649586, 3.288803051539054, 0.0]
[86.98913406122065, 61.69334654450131, 31.770492917117586, 1.2367745954080183, 64.59674184972587]
[75.14075171300588, 61.39960943354291, 26.86790683321532, 0.4379283318420409, 150.70788860321042]
[118.2316372592081, 63.05407150795992, 74.21032154747458, 2.636224053493364, 138.41807842254636]
[90.09167612670161, 63.473524377252176, 11.368981641554518, 1.6380978478624941, 46.377464723304904]
[97.6246834764925, 63.80518456615699, 22.585924791830447, 2.5304671063744295, 48.13235103052792]
[92.62423094132862, 61.79398161410268, 15.870163887014463, 1.2266117595871173, 49.44572036648974]
[82.52827797891672, 70.07838083573537, 21.113320791589913, 1.7101069518007948, 150.72015523910517]
[100.06115166606817, 64.53570039679798, 6.476143574738367, 1.5415782684822306, 102.27647200226785]
[97.11104586798005, 62.38318674298312, 10.62547813927637, 2.2195567833310283, 43.06340217590331]
[95.27956139176915, 60.01481011740307, 1.73194546136645, 0.8874875427995802, 48.44379276037216]
[62.57433870477349, 61.40384886913974, 7.906651970532426, 0.1782363721557694, 43.05939674377441]
[79.56326970510791, 59.9175989785055, 22.856493456957086, 0.25972359860034955, 64.5890951156616]
[158.70939812142518, 59.697652577128665, 90.44314425145616, 0.5168247307067944, 64.58383798599245]
[102.62974953520147, 63.38319556896084, 38.17642200113487, 1.6331033541898397, 48.885545737557024]
[82.68010388753066, 61.36633348858809, 20.80121038031315, 1.0592299415074495, 50.24005174636839]
[103.02846570011403, 62.10630360659711, 10.25277278342548, 1.9763843097738631, 99.58498589694501]
[91.71635720450004, 64.76868328013619, 32.28647780135538, 3.576709395163054, 62.94242108361962]
[93.35886415680415, 63.47368141906854, 27.33971931065303, 1.97617006817601, 56.5212082117796]
[94.49253014203872, 63.02909263779216, 27.129368228234835, 2.8781255381933835, 63.90398335134327]
[106.37063770611853, 65.806683932068, 18.45229686086286, 3.6552703435099483, 115.49114451920687]
[102.61037209003958, 66.260917567386, 8.382479636141202, 0.9960774932321095, 103.3543281555176]
[71.85043609346397, 59.72718314913402, 13.284699041671153, 0.4703295251091788, 53.81986498832703]
[83.23629171402305, 61.81622260841215, 9.825357995925405, 1.2720819154332539, 133.49282169342035]
[81.00101035656331, 64.73154536431527, 23.14721728471466, 0.7118293084914071, 50.23596286773681]
[114.08132204037992, 63.865496577468015, 38.57702768004203, 2.5697730361954374, 54.660181392579375]
[78.0823833082151, 62.54628998300405, 23.83746760710686, 1.417655234994286, 101.50659084320067]
[80.67257726288629, 63.83714822921699, 30.368337906809717, 0.9749936232633781, 102.27022916078568]
[96.53534882809163, 60.67053071483141, 31.596124291995352, 0.3713936309755844, 53.82643640041351]
[117.54686311368897, 64.08859758963415, 26.83040086390832, 2.8555177839459396, 64.5969808101654]
[58.61487037137467, 59.76112722532042, 4.9980302841275375, 0.4729714236708108, 57.41252899169921]
[94.54690429795212, 60.88297368129504, 1.1147009081216268, 0.3686660032682241, 43.05589199066163]
[91.76574952712055, 61.52413953803732, 20.287604273018044, 1.042472958425723, 54.80935672097954]
[109.73663792443274, 62.65164035329739, 34.35898647143386, 2.812480883932903, 50.75595080852509]
[97.15372767866333, 64.3245405889518, 29.46126156283036, 2.1613938986614243, 49.690140774969535]
[92.25584772380029, 62.71288789668955, 24.673141114226176, 1.6761258206554701, 55.73139553664052]
[91.30492507973405, 62.681907449679635, 31.94149383433797, 1.4705248449362023, 61.28450695579576]
[123.35197251393659, 66.3340406762416, 20.57840730051475, 2.3742674409116833, 63.33113129163696]
[87.80816293460889, 60.81218336202314, 32.795614468123965, 1.0084431563045038, 51.6771640777588]
[91.08761840324763, 59.51043517557707, 31.412381596752365, 0.3582894343751626, 64.58383798599245]
[110.54341293122334, 64.86075370458538, 43.227509049810706, 3.19811332803577, 148.64622214334196]
[110.59995927633176, 64.54052361573808, 9.247816630803085, 2.4703516845597853, 53.82643640041351]
[89.94138760295948, 62.96638178323406, 29.537128573471172, 2.7784043117514554, 57.421251932779946]
[84.00924236678303, 59.85041732663896, 28.844715668541262, 0.6144889374149847, 57.41875966389975]
[158.70445344129556, 59.62148580305873, 99.19028340080972, 0.14969333451358935, 53.81986498832703]
[83.06640560319737, 63.9373601119711, 30.254092566917198, 2.8834593850771646, 180.32956905663016]
[93.58970307961751, 61.47773022566586, 75.56626025405748, 1.1415908125802683, 47.36842060089109]
[78.41176966329898, 62.390225497854324, 18.749691741832393, 2.6426049135026752, 138.41807842254636]
[91.96955608784621, 64.00988502123202, 11.16482890290669, 1.225667798968153, 47.55152277648449]
[89.93832718442606, 62.417692086999956, 31.900310080813014, 2.5184993604586983, 52.48558083549142]
[95.5552741547423, 61.35924159165835, 3.1024439660630634, 0.11512541526410303, 139.9316489696503]
[109.43373633667773, 64.81604396758834, 2.3320965064032184, 2.55312388616644, 53.82862687110899]
[93.79507088056597, 60.60918322986355, 41.627793563178464, 1.0217055663918115, 46.13935947418212]
[103.61493165584163, 62.54367216501233, 36.43865250518659, 1.3157649937481946, 57.41720199584959]
[119.65798686562673, 64.63590917595221, 34.563784738339905, 2.706577887353288, 58.85550594329836]
[124.42870739472914, 63.902304619428804, 26.378462277953105, 1.90557271558097, 68.1857019662857]
[61.543474731041044, 60.3362566821015, 6.058607724570035, 0.9623859020991035, 57.41252899169921]
[100.66198032986404, 62.85838993109375, 21.51930358081773, 3.6693640624961126, 48.03470486014552]
[100.19008039910871, 61.336474141782446, 14.78337582260787, 1.3012156697766337, 46.65147662162779]
[100.98433439331454, 62.182400595380656, 17.512824392103514, 1.4259050994541482, 43.06114912033081]
[102.91744475699053, 61.44918692610419, 30.377541710953057, 0.9856045222953838, 45.456518067253974]
[89.44590105627498, 62.27140185676769, 26.271217443835713, 2.273570121161378, 0.0]
[116.91198044009778, 60.460047942721545, 9.0880195599022, 1.1090884183443102, 53.81986498832703]
[98.91539482252777, 64.67346028702069, 25.95561701006717, 2.783387650749238, 133.81114304065707]
[93.16814279457184, 63.99417041040766, 18.350923802292844, 2.111824934079228, 51.29895307201002]
[112.28739030286604, 63.150076137002536, 33.35270687147361, 2.337025421346381, 53.43327846056149]
[100.76997091774663, 65.00750054183075, 20.864235497442145, 2.2798886031076595, 57.41875966389975]
[99.02650413883238, 62.38265779495256, 19.9335645376895, 2.552652756228745, 50.241414705912284]
[136.23548542645668, 62.77402299586189, 64.17972589014853, 2.1855062558751697, 142.1122012138367]
[80.42763145816153, 60.920501615177784, 27.300868468893192, 1.2345310278489074, 129.18870449066156]
[84.15034005398552, 61.91337194777579, 26.854346952882313, 2.307956092420953, 48.23343292236328]
[97.65002787650722, 62.61444261785514, 20.44502554762598, 1.6635348656221463, 57.798165099442514]
[89.96634530479182, 63.05637622753977, 14.181986638403307, 1.8463627135159641, 49.52394890785218]
[76.45094045990903, 62.4833492370319, 10.949381903322701, 1.4824974716420118, 129.19133305549624]
[85.71967869724573, 62.53128008339607, 31.43900240278788, 1.7689188541048142, 56.5212082117796]
[86.00614570323461, 61.569912707791275, 25.34001482607139, 1.0716078830120415, 57.41252899169921]
[105.83399040708638, 62.48759154655704, 39.22388876237206, 2.9357468143354386, 82.33047067912804]
[83.29608412087298, 62.576351649576175, 34.97202862415654, 1.7238839639236037, 132.2707772254944]
[68.12239267545, 60.21517992622387, 15.725918186382067, 0.9350500979206343, 50.23596286773681]
[86.76963002951594, 61.74220630509121, 23.882338729598803, 2.1803435198353274, 50.24351156674899]
[79.60930693303771, 61.755449699375134, 35.71292656532826, 1.4780040221634505, 53.82862687110899]
[93.63453941623446, 63.888366572970114, 22.482801673591688, 3.209600286505009, 62.370986462206396]
[110.06571965048047, 61.683639978443225, 40.86878318837848, 2.6201697578512784, 54.26261203765869]
[88.00854845307016, 61.29768903313752, 8.979562320954518, 0.8770000323695545, 46.65147662162779]
[83.9944732227176, 64.8657129662079, 25.984491263111202, 1.7144249013480384, 56.62332493581889]
[109.52784981580112, 64.55916151935419, 25.78218681135523, 3.3400410568625234, 61.90669946372509]
[86.38081863149125, 63.50002461771951, 31.120564057316102, 1.0975095498311354, 59.209080040454865]
[79.51528128502522, 64.19436929569001, 24.70113214827509, 0.8508015973300403, 52.85187969523027]
[96.0115087458465, 63.08670649526972, 26.939004583660974, 2.3676275514950027, 145.93934747907855]
[79.92807825086305, 59.98475559753602, 13.10989643268124, 0.19575924420218627, 43.05589199066163]
[105.54810254285766, 61.43941575752351, 43.37718658207853, 1.3470746379533185, 60.28708076477048]
[102.62595404195991, 59.81543179867486, 23.735077476664742, 0.06210650014936192, 43.05589199066163]
[97.91318692295883, 62.359223159594094, 3.6125119220148614, 1.1194618361815925, 48.44379276037216]
[91.27789456831924, 62.18806543494846, 10.384591150654717, 1.9931562371598268, 129.19020652770993]
[128.76011786741006, 64.34178676825526, 71.4948117758482, 2.5709805433131576, 129.19020652770993]
[87.53049934760918, 60.7616870824471, 34.36078990419706, 0.5754792106003838, 64.59172368049622]
[82.2143807409583, 60.12969936185439, 34.84454641032979, 0.5418260923691951, 64.59172368049622]
[115.55710433867259, 59.642675298568804, 49.298748223253135, 0.6920275577948265, 55.98086071014402]
[98.97143173026716, 64.60073731349283, 3.8955388697306605, 1.7228104354619107, 145.33137828111649]
[96.34893785399352, 63.56085130276529, 17.20005826671736, 1.6664294028989208, 53.83113026618958]
[98.41468313563635, 64.43247532810722, 26.75231693545131, 3.2184552891477454, 45.29359767326417]
[71.31285873781702, 61.965137590214134, 17.69988767484363, 1.49796478891686, 101.50659084320067]
[94.63693633952255, 59.23757819741192, 0.4061671087533085, 0.07586122699021658, 2303.490221500397]
[88.34474657987347, 61.771819161687894, 23.498767640145008, 1.3127692282843424, 52.63386302524144]
[89.20080467102187, 64.70807764384406, 28.141153091857017, 3.140349270584988, 61.90418042242528]
[93.2590386348301, 62.726899737347246, 26.464326865320583, 2.139602009035173, 46.13935947418212]
[57.44585071936427, 63.17627346573954, 5.933125247767283, 2.0359163835042993, 21.530574560165405]
[97.34836726212085, 61.45672995816882, 18.351816244030704, 1.2763624248241885, 54.46477291080778]
[93.23985408389383, 61.05388381576845, 18.21200747656491, 1.3992373113107004, 47.370733737945564]
[80.59908208573631, 64.40664664368228, 23.446339846637006, 1.301499670492661, 103.34928131103511]
[108.03910844155439, 61.41051061815425, 48.98929811562135, 1.5689858170522457, 47.10244433954358]
[101.47829055366826, 63.584683457657626, 49.636501191221555, 1.4003107151793754, 51.67842578887938]
[87.18408199229508, 62.26950420807971, 22.993990208354024, 1.6097293773527392, 51.6771640777588]
[95.95735092862566, 66.15468262030589, 18.976739935230505, 2.057375941284639, 105.70375939046053]
[94.40026270187738, 64.61396158376994, 17.489015236688754, 3.4251570118553714, 107.66017436981204]
[111.23170148257769, 65.15047489573769, 32.12259648143379, 3.05380613790221, 53.002816826634174]
[86.95629690308577, 64.38014418601641, 32.855930178551674, 2.297504446837253, 139.9601250886917]
[95.43056202723764, 62.842172596889014, 22.25710796238051, 1.2057210325923304, 45.45775122112699]
[111.92965503913422, 61.62322998352927, 0.2840854188810411, 0.35656280449427413, 53.81986498832703]
[105.09758028709155, 67.58116578711036, 37.08598985112681, 3.124802496847349, 147.64595031738278]
[94.38978884171546, 64.50731352179307, 29.275548723576037, 2.969068935195276, 50.85448330481595]
[85.67232098219812, 63.93921258684126, 22.267911699138097, 1.1282072062012238, 52.29127407073974]
[90.238008005099, 62.073865965895756, 7.28799721725189, 1.7358873927571947, 129.19020652770993]
[104.14910898390818, 64.21137525063459, 23.283318160465342, 2.664564950720845, 63.73703636169434]
[68.48992037176912, 63.97132135951513, 24.229059332433977, 1.9307185348498574, 104.58254814147948]
[80.77876215732388, 60.99267125643647, 26.00403695974664, 1.0102007038643073, 61.00577712059019]
[93.01440160569568, 60.8136308680706, 19.082999123775195, 0.876934660894084, 47.36842060089109]
[85.77905381773668, 61.2076715419874, 24.71704364475302, 1.0168716877740187, 50.23596286773681]
[97.6914089982838, 64.22842160723295, 5.289792978075734, 1.6621750765760013, 46.979448617982456]
[87.00262343777726, 63.78485175558844, 31.80693229747343, 1.0366927143537963, 102.28021770715712]
[88.31582330037763, 61.21192960641389, 24.650075383302717, 1.122303801403634, 53.82862687110899]
[92.0012045451821, 63.16595444398289, 22.49403146344006, 1.3193343614346205, 102.74270725250244]
[147.86850957391755, 65.57469304750343, 29.95407107124374, 0.8489874985428543, 118.40370297431947]
[104.92721121062029, 64.04006876808069, 24.0538171124023, 2.1236442285083568, 59.81120798322891]
[94.66962894886774, 63.29459891978395, 25.77851405216851, 1.5453987384526662, 58.56916854858398]
[84.65407322240353, 63.83637709575005, 19.49132558004437, 2.04684886480724, 102.27022916078568]
[86.2703372170315, 63.98847976487517, 22.254390224050937, 3.0479545208517247, 49.217033386230476]
[56.041368953908005, 59.448265169681, 0.5696708407004643, 0.2961194284790949, 139.9316489696503]
[109.69496177519805, 63.27070840011499, 29.788409978860972, 2.491421805650288, 138.98395359023547]
[117.06689196747125, 62.99826892687617, 53.87847486631507, 1.9498687458634518, 56.5229332074523]
[117.94479405034326, 59.54427768899062, 1.8921624713958778, 0.420909079483355, 53.81986498832703]
[92.95183086858363, 63.79403504092899, 22.536040218279535, 2.0188670807953697, 53.06303948163987]
[96.67740844862, 62.99678707273078, 2.060217488717824, 1.1202195772973906, 95.91637426171418]
[105.9048641745995, 62.3976701560264, 3.9536131960697003, 0.5639181285019349, 50.23596286773681]
[77.61911040601788, 61.89911921602355, 28.064015512934525, 1.57385729219732, 62.203656302558066]
[75.18405896277277, 61.91697827550305, 15.034344716703732, 1.425090554785449, 43.06114912033081]
[90.82989454168165, 60.797262694589634, 4.208841850789061, 1.1923163736058602, 43.062200546264634]
[97.1882167618221, 65.38703588873669, 8.527614981576244, 1.9870331810695299, 48.44674989581109]
[104.61336307549833, 65.20625270691411, 34.965291710448895, 1.923335724575432, 100.48282941182457]
[97.68380901489826, 63.386622746387374, 17.115296529395007, 2.4493878137596283, 102.87527773115373]
[110.66255778120185, 60.830437166234915, 3.882896764252699, 0.15392328716871262, 43.05589199066163]
[95.6909498794228, 64.74600743777457, 17.164833172159902, 1.5579857815044162, 51.138236001133926]
[110.58916472285308, 65.12178736539906, 12.312730419219063, 2.7924809273302342, 115.73390252888204]
[67.18937408075426, 61.92023576358332, 21.170496236550825, 0.8813454321895243, 50.24005174636839]
[111.0753374250271, 66.4983748506121, 26.620854596215878, 5.263565690639675, 128.06260110268636]
[101.00578752750698, 64.19683576859697, 45.0915795960388, 2.3349365673400904, 54.90832740068434]
[88.08348751009736, 64.63594765098031, 16.862581900417066, 1.498557809584585, 51.346478800801854]
[77.16691779458272, 64.80648674166295, 16.67005359348303, 1.9577073025078313, 147.85651493072515]
[88.71407458600186, 63.16713745364608, 14.4064217583041, 1.5853335829896193, 45.456518067253974]
[88.15198305128784, 61.83222030028126, 2.6012191887778076, 2.409680169067855, 43.06340217590331]
[99.380570536819, 64.21909063051982, 24.08197278183393, 3.1836245529311435, 104.21866756439209]
[93.17360648266035, 63.74458750326492, 17.720838673073143, 2.994424866405317, 198.9211559295655]
[95.2928328409616, 59.48583617802651, 2.0581605365218394, 0.27642062734052786, 53.81986498832703]
[92.40170960353451, 63.57941384300992, 18.423276233196244, 2.2182263799693542, 50.24323198530409]
[100.58543688756068, 62.83789935857055, 22.31558774403368, 2.2629611537552803, 48.447735607624054]
[60.50204918032787, 60.31214111981275, 17.256589687160474, 1.164854504074755, 48.44379276037216]
[90.08206048337628, 64.73394284737154, 15.902021495047558, 2.6227230251861866, 102.27022916078568]
[109.64343356840239, 62.91682286130215, 49.25191448571591, 1.3667946036050573, 64.59330081939694]
[80.76570589358349, 62.81743264607848, 24.815548047286736, 0.9899921121293074, 52.29127407073974]
[76.60309175445074, 60.96199752631858, 19.398334421724797, 1.4337916591520075, 50.24005174636839]
[94.02157491330432, 62.5724160809926, 6.943827147570322, 1.3090851653583224, 46.377464723304904]
[79.23898694568035, 62.17467098525478, 18.327384735735595, 1.994156143516566, 53.81986498832703]
[97.39336681166775, 63.31342335287626, 2.0392775967465964, 2.0295471640065026, 46.65147662162779]
[85.53079565965919, 65.14694281632873, 15.46265944873901, 2.9750273135241976, 46.65147662162779]
[78.08345780433159, 61.92296980396598, 6.724234503360705, 0.28882440201899584, 43.05589199066163]
[105.4803471060945, 63.65062509543123, 22.003271681637433, 3.307528687191247, 47.55152277648449]
[73.25109073256093, 65.83286123436254, 22.044391821870853, 3.3043690881176455, 51.67464065551756]
[116.69565952370912, 69.60538564934092, 21.675377771080388, 3.843668623706385, 129.19020652770993]
[107.02247265410087, 62.84933884598657, 36.67539668105716, 0.6863501737497526, 50.241414705912284]
[91.70614301356058, 63.04037314484994, 28.505710592906997, 2.0263683096983476, 58.82170800294713]
[117.74149911716125, 60.03088120068476, 4.081705302728253, 0.6053642259226528, 64.58383798599245]
[81.50059808612441, 60.36980818667144, 28.749401913875605, 1.0751897655988572, 53.81986498832703]
[69.26866710663367, 62.51048038723656, 22.036623948322543, 1.7688077723113598, 52.29127407073974]
[85.36774347730206, 59.817626099510896, 21.64103974407604, 0.47025528840094183, 57.41252899169921]
[118.19171677255436, 67.6455342018124, 50.477525815136346, 0.8461875647113332, 57.41252899169921]
[91.24392662723194, 63.26929865699103, 62.32991352664845, 0.892086283207709, 51.67464065551756]
[92.60604202253644, 62.81133316414456, 31.70370053283399, 0.2692577152610618, 46.13935947418212]
[89.33590511842942, 64.8087027551518, 24.440049436166053, 4.582068330106071, 120.12951961844915]
[97.01771862165027, 65.8540823005647, 3.6896256760876582, 1.640619138299789, 50.242777665456146]
[104.81415203857964, 62.41563376898772, 47.58059581213185, 2.116841834030263, 134.56609100103378]
[91.9557037752462, 64.71875099351045, 19.21105571317035, 1.4672894784377106, 50.24005174636839]
[82.4780078460657, 62.10918503330491, 18.981136207294057, 1.0484502052883176, 49.21531677246093]
