50.5082;
51.1905;
50.937;
50.1777;
51.6991;
51.8441;
51.0767;
51.2971;
51.3168;
62.5807;
51.1604;
51.6695;
51.6327;
50.3717;
52.0406;
51.9514;
51.0306;
50.9963;
51.3606;
69.7832;
50.6454;
51.6941;
51.8727;
51.3467;
52.2599;
50.7455;
51.1475;
105.578;
73.823;
107.689;
95.4942;
87.2972;
80.6054;
72.2468;
49.4933;
49.4555;
48.9052;
48.9154;
48.9981;
49.0365;
49.198;
48.5171;
47.2569;
48.7764;
95.3015;
95.1423;
48.6912;
48.6622;
48.2597;
49.1926;
49.0833;
67.4777;
93.5016;
61.3758;
105.538;
74.5279;
93.5741;
59.0392;
91.2765;
84.8348;
68.0482;
60.3751;
61.0962;
62.9523;
50.9048;
70.6066;
71.4895;
70.6905;
50.4024;
50.6966;
50.7063;
54.7258;
