60.0054;
82.0514;
48.8346;
50.505;
47.8811;
44.6983;
84.4194;
75.9338;
59.3969;
58.7935;
68.6696;
50.3376;
52.8051;
63.4284;
45.0319;
48.953;
81.8529;
80.0398;
72.9952;
47.6527;
71.0178;
50.1761;
47.5523;
47.9551;
48.3527;
48.6906;
48.6894;
48.3457;
47.697;
47.9181;
48.208;
73.006;
90.6038;
72.3189;
82.7121;
76.6378;
98.2935;
71.3898;
120.51;
88.639;
89.8391;
88.7833;
86.5735;
86.4146;
65.6211;
45.3376;
54.1405;
48.7252;
72.2832;
60.9949;
48.8886;
52.7322;
61.5246;
71.7303;
73.1672;
54.3616;
66.3893;
56.7605;
64.3684;
46.008;
49.4994;
46.5957;
65.0928;
46.0672;
48.0309;
