56.7889;
48.9846;
69.5173;
47.7987;
55.9987;
47.5183;
73.3315;
63.8654;
56.6716;
62.9382;
55.1848;
57.5235;
71.7766;
73.3806;
73.0731;
75.1464;
86.9298;
68.7221;
70.7865;
47.6563;
47.7669;
60.4443;
48.6364;
49.5898;
50.5667;
87.0513;
100.061;
71.7786;
72.7716;
88.028;
50.1924;
84.6007;
78.588;
97.4928;
85.6646;
74.9338;
81.0393;
56.8547;
59.972;
120.519;
120.292;
75.1983;
66.2169;
87.3666;
88.0141;
59.1627;
87.2855;
55.3344;
60.6954;
54.3158;
48.791;
49.3838;
44.6703;
66.8271;
52.9733;
67.3987;
55.0424;
60.8968;
63.7852;
45.184;
48.1383;
66.8355;
