56.2188;
95.1466;
56.5717;
57.0948;
52.5326;
73.2942;
47.036;
87.9556;
49.789;
50.4109;
69.4288;
47.8158;
49.1975;
62.2845;
53.7359;
67.9221;
98.9015;
58.9737;
75.48;
70.2671;
51.791;
71.759;
65.6175;
55.4893;
78.5589;
86.9761;
71.5655;
73.192;
99.0447;
73.8415;
50.3829;
49.324;
49.4666;
49.1233;
48.931;
49.0811;
49.5777;
50.2343;
61.6521;
49.5197;
72.945;
78.9855;
60.8006;
61.1436;
83.1881;
85.8999;
78.9499;
79.4439;
115.471;
80.9295;
96.0491;
76.8325;
73.8048;
73.7869;
85.5659;
105.47;
76.2942;
76.6318;
63.5592;
68.0551;
87.0154;
81.5101;
60.9463;
78.8064;
55.1653;
55.2751;
49.2923;
55.1768;
54.7398;
