48.307;
50.725;
50.8383;
52.7612;
59.1787;
52.6366;
47.1116;
51.1427;
50.3741;
44.7376;
51.2829;
64.5672;
52.2666;
50.4657;
50.1302;
51.5604;
51.4201;
62.4325;
50.9026;
51.0707;
72.9398;
120.789;
83.3048;
48.2844;
60.356;
47.904;
48.2467;
48.2073;
60.4087;
48.5718;
49.0621;
49.3878;
48.5611;
47.9134;
89.5776;
62.1324;
72.7531;
72.5364;
48.6252;
84.6961;
84.1214;
80.5416;
72.0192;
80.2894;
48.4855;
108.69;
72.4276;
120.705;
120.857;
71.9901;
92.4676;
72.4147;
72.2263;
78.6786;
67.3588;
54.1888;
51.5868;
50.7154;
56.6928;
59.264;
89.8341;
56.808;
47.5193;
68.4729;
52.0642;
49.282;
50.8032;
50.6838;
50.8052;
58.8368;
51.9135;
