51.5468;
46.5408;
45.1218;
64.5629;
49.2643;
67.686;
46.5801;
68.2043;
52.1523;
50.5006;
61.0759;
46.2878;
89.5609;
79.848;
97.1891;
85.2817;
99.7928;
71.8859;
51.1647;
71.0409;
47.2832;
46.411;
46.0592;
45.0967;
45.4293;
69.6242;
46.7166;
52.7939;
46.6409;
81.5843;
77.2283;
93.3468;
93.0421;
88.7754;
76.6472;
78.5295;
76.8067;
85.8367;
95.0713;
73.5332;
79.5286;
86.1623;
46.6268;
62.8909;
73.0019;
68.4273;
49.7215;
64.8415;
54.9211;
54.8347;
76.8972;
71.6034;
49.3401;
58.0849;
47.8817;
66.5412;
46.7019;
66.6876;
63.0935;
45.553;
