[ 47.2391  62.5581  65.8437  60.2377  49.1749  45.2101  78.8072  47.2209
  49.8004  75.1156  50.6977  51.0265  50.7249  63.6193  51.9145  50.3495
  50.9308 108.822   81.1926  72.0299  72.3075  88.9358  71.7797  48.0896
  48.2528  48.6398  48.9251  49.3076  49.6097  49.5727  72.2034  49.2925
  72.8912  60.7848  60.6538  97.5764  76.1283 109.957   97.7618  92.4383
  82.6977  91.0064  73.6461  92.6361  67.958  107.797   81.0113  71.9842
  75.9725  71.9267  49.7388  78.4475  91.2916  68.7996  67.7946  52.3032
  70.6279  50.8999  71.0716  52.1513  51.7321  72.273   45.4075  47.2391
  62.5581  65.8437  60.2377  49.1749  45.2101  78.8072  47.2209  49.8004
  75.1156  50.6977  51.0265  50.7249  63.6193  51.9145  50.3495  50.9308
 108.822   81.1926  72.0299  72.3075  88.9358  71.7797  48.0896  48.2528
  48.6398  48.9251  49.3076  49.6097  49.5727  72.2034  49.2925  72.8912
  60.7848  60.6538  97.5764  76.1283 109.957   97.7618  92.4383  82.6977
  91.0064  73.6461  92.6361  67.958  107.797   81.0113  71.9842  75.9725
  71.9267  49.7388  78.4475  91.2916  68.7996  67.7946  52.3032  70.6279
  50.8999  71.0716  52.1513  51.7321  72.273   45.4075]