[ 54.023   52.2335  50.8087  64.6663  51.7739  52.733   50.4645  78.9258
  83.6055  50.6382  49.6565  49.3842  52.734   57.1188  50.2199  63.7176
  51.6603  67.4918  50.4857  51.1797  66.5442 120.978   81.1204  71.2606
  99.0037  49.4626  48.7296  48.4202  48.332   48.3238  48.212   48.3041
  48.3992  48.3466  48.1004  47.9508  48.2529  48.4768  48.3416  48.2293
  72.6714  80.4815  73.0256  83.9678  84.9862  72.4313  72.4663  84.5454
  82.1864  78.0166  71.3441  86.892   66.6663  48.204   74.4663  67.0431
  75.3574  84.4349  64.9405  84.224   52.1781  66.6866  84.0493  58.352
  54.023   52.2335  50.8087  64.6663  51.7739  52.733   50.4645  78.9258
  83.6055  50.6382  49.6565  49.3842  52.734   57.1188  50.2199  63.7176
  51.6603  67.4918  50.4857  51.1797  66.5442 120.978   81.1204  71.2606
  99.0037  49.4626  48.7296  48.4202  48.332   48.3238  48.212   48.3041
  48.3992  48.3466  48.1004  47.9508  48.2529  48.4768  48.3416  48.2293
  72.6714  80.4815  73.0256  83.9678  84.9862  72.4313  72.4663  84.5454
  82.1864  78.0166  71.3441  86.892   66.6663  48.204   74.4663  67.0431
  75.3574  84.4349  64.9405  84.224   52.1781  66.6866  84.0493  58.352 ]