[ 88.3101  64.3494  47.6955  56.121  106.891   57.9186  70.0158  45.1868
  56.9311  55.5683  50.0532  51.3951  69.4808  67.6787  67.4361  78.1451
  85.2356  87.0086  80.1248  69.7701  71.0341  51.0663  61.6072  49.5316
  49.7996  50.2298  50.7429  50.8848  50.3279  49.6505  48.4651  50.7029
  81.4275  84.665   69.8851  84.47   112.519   84.182   84.94   108.69
  76.7647  78.6899  85.4608  83.6888  87.0689 112.187   71.8687  86.7728
  74.6379  81.1175  47.8898  73.8166 105.649   85.5236  76.5096  81.533
  64.7757  74.928   46.9726  57.1327  56.9258  67.0167  50.2259  88.3101
  64.3494  47.6955  56.121  106.891   57.9186  70.0158  45.1868  56.9311
  55.5683  50.0532  51.3951  69.4808  67.6787  67.4361  78.1451  85.2356
  87.0086  80.1248  69.7701  71.0341  51.0663  61.6072  49.5316  49.7996
  50.2298  50.7429  50.8848  50.3279  49.6505  48.4651  50.7029  81.4275
  84.665   69.8851  84.47   112.519   84.182   84.94   108.69    76.7647
  78.6899  85.4608  83.6888  87.0689 112.187   71.8687  86.7728  74.6379
  81.1175  47.8898  73.8166 105.649   85.5236  76.5096  81.533   64.7757
  74.928   46.9726  57.1327  56.9258  67.0167  50.2259]