[ 46.9619  73.4556  57.6673  56.8558  67.2184  66.5096  67.4416  61.1453
  67.077   99.0701  67.5462  76.4443  56.4889  80.5832  48.8543 109.239
  85.0239  73.1396  78.1922 108.96    75.4403  49.1031  48.3404  48.7064
  49.0503  49.2954  49.5557  49.7724  50.05    49.3664  73.3718  46.871
  90.9986  61.2804 108.846   96.7268  81.0009  75.5291  82.6537 108.839
  89.2049  87.9866  97.1595  82.5283  73.2411  80.792   97.0466  77.6858
 108.399   77.3771  78.9523  86.4191  63.7153  75.1429  75.6579  81.1984
  71.6132  63.9319  66.978   79.5847  73.1882  58.3421  67.8383  46.312
  47.7708  74.4557  64.4312  48.2902  66.8452  46.9619  73.4556  57.6673
  56.8558  67.2184  66.5096  67.4416  61.1453  67.077   99.0701  67.5462
  76.4443  56.4889  80.5832  48.8543 109.239   85.0239  73.1396  78.1922
 108.96    75.4403  49.1031  48.3404  48.7064  49.0503  49.2954  49.5557
  49.7724  50.05    49.3664  73.3718  46.871   90.9986  61.2804 108.846
  96.7268  81.0009  75.5291  82.6537 108.839   89.2049  87.9866  97.1595
  82.5283  73.2411  80.792   97.0466  77.6858 108.399   77.3771  78.9523
  86.4191  63.7153  75.1429  75.6579  81.1984  71.6132  63.9319  66.978
  79.5847  73.1882  58.3421  67.8383  46.312   47.7708  74.4557  64.4312
  48.2902  66.8452]