[118.17191489177618, 64.41742405860464, 74.58019879715042, 1.9515260918440056, 86.13279194426816]
[100.06385251371545, 66.20770509972743, 9.944226818208577, 3.882704982460634, 86.13279194426816]
[102.10648291463464, 65.91290217805394, 6.126387035738697, 3.0554095650123863, 129.19918791640225]
[107.35878649362758, 68.70565030780371, 21.0721486705179, 4.629254114780761, 86.13279194426816]
[111.82951030302578, 68.36425529761621, 19.77274358240332, 4.098028281756532, 86.13279194426816]
[113.76190709824279, 68.9291295897122, 12.918928082840925, 5.158595880564269, 86.13279194426816]
[111.215095035755, 69.13832221495909, 14.833853184911751, 4.048786353471736, 43.06639597213408]
[136.5469480328956, 67.45507437239505, 66.89718359104353, 4.6580614958084885, 43.06639597213408]
[109.0542078984346, 66.08811736059968, 8.974822089713784, 3.2693933133364848, 21.53319798606704]
[115.68489586804269, 69.32638975609851, 25.412654910975647, 4.394425370971117, 43.06639597213408]
[128.95468568622127, 69.04357840012997, 40.142308416518844, 4.2849657840316935, 43.06639597213408]
[106.72326074539957, 67.6711622442159, 18.22729340978641, 3.978308082201538, 6675.291375680783]
[115.62295063508003, 67.23746049488757, 26.742568635672463, 4.633480808507327, 107.6659899303352]
[131.15520391283985, 70.40798426594141, 11.567966954532833, 6.19803057545129, 86.13279194426816]
[81.03150461705594, 61.818732475395464, 28.60695153552879, 2.3296669581338225, 43.06639597213408]
[102.96956647393691, 68.02402196071964, 44.41154120694224, 2.987080196116736, 21.53319798606704]
[108.65881429629576, 64.46414616914316, 32.497280026721434, 3.543062076671434, 86.13279194426816]
[95.252862385453, 64.87709782737643, 16.012373475366445, 3.8645683558741, 86.13279194426816]
[78.1288988630026, 65.39105974164701, 14.400813154040106, 1.9288905823550666, 86.13279194426816]
[148.99534777315492, 71.09144508111054, 19.89179107885847, 4.466862868322805, 86.13279194426816]
[116.11482717512953, 67.97708048870652, 7.941666130603527, 4.009033211979433, 43.06639597213408]
[140.5101388133054, 71.24638891618744, 39.25935686010001, 3.9173578765861703, 129.19918791640225]
[145.18861202990303, 67.8059941402028, 49.886985824937554, 5.59245419989929, 43.06639597213408]
[145.43586549401277, 68.94308513992087, 36.546381923842, 4.853620773817296, 86.13279194426816]
[146.85620223505947, 70.79688932716984, 32.914763287857056, 5.178454310597384, 86.13279194426816]
[134.9819441172954, 72.92689360588399, 27.410309676277134, 4.150339012503548, 86.13279194426816]
[103.39059446699888, 68.53431277781944, 31.15054282771344, 1.2773739070665406, 64.59959395820113]
[152.7598831173924, 74.15434433728888, 11.882015040199061, 1.8246894969348233, 86.13279194426816]
[135.07816276481844, 69.85504101890567, 34.91126761664967, 4.557989039577286, 86.13279194426816]
[98.39487287183663, 67.47099468280963, 22.842917862231488, 2.7052482959115864, 21.53319798606704]
[124.24485958402346, 71.36798453255498, 36.98035783874059, 5.029628296287817, 43.06639597213408]
[106.065855387754, 69.23373687707499, 20.91903216948315, 4.8031977574413975, 86.13279194426816]
[90.53140913076241, 68.74918429331241, 19.945421997465548, 4.601156094306745, 7105.955335402124]
[129.24277098780775, 69.78088860943215, 25.698626944800075, 5.053460645272643, 86.13279194426816]
[124.53384518194854, 69.18452007206393, 39.73482350789578, 3.869633924735518, 0.0]
[148.5025615179893, 74.0173279521528, 13.974582054723134, 6.454935336138994, 473.7303556934749]
[105.31390106045083, 66.24735810991247, 14.510650429769026, 4.9071578523451, 107.6659899303352]
[130.97383948046127, 67.96155136237348, 42.33731464316596, 6.2326666080410655, 344.53116777707265]
[156.53719412929604, 72.44540383218128, 55.649844475863496, 4.156253929009757, 86.13279194426816]
[151.70397769198573, 69.5934014555698, 39.83421415136793, 3.3413159094393747, 2497.8509663837767]
[168.9526385305418, 73.57817450157656, 33.03191260844246, 3.8866270254808133, 21.53319798606704]
[146.42718687875524, 73.53932839933346, 40.29770293337851, 5.125001606141467, 86.13279194426816]
[126.83601195514557, 68.28008785481724, 37.529123171399995, 4.123505400150288, 21.53319798606704]
[114.40006636349219, 68.52093491371485, 30.407037389597168, 5.08246922215462, 43.06639597213408]
[127.67304121119058, 69.25092550541794, 13.424817405700114, 4.181851123604832, 86.13279194426816]
[128.8260108549143, 70.82081963898176, 23.45302922438755, 4.874820143493962, 129.19918791640225]
[130.58270832738572, 70.51981886707132, 22.30024946442238, 5.335574095730095, 86.13279194426816]
[130.66138788183454, 71.02015412110464, 22.59978032500164, 4.7663270532578546, 86.13279194426816]
[123.54997961208115, 70.60280041776234, 24.958737524323933, 4.036519523051977, 43.06639597213408]
[127.61571073145558, 69.40889127814627, 15.386728659039619, 4.7321085691810225, 43.06639597213408]
[103.09206857802636, 65.26095905214815, 18.170481825209723, 4.747766867347888, 43.06639597213408]
[104.99509943073583, 64.88611832832305, 15.459063665357933, 2.787795788811951, 86.13279194426816]
[124.43913032440373, 67.7446579271401, 13.26193612207747, 6.590522693020173, 86.13279194426816]
[138.4347026724528, 74.30058397219345, 50.12496162130541, 5.858982571318454, 86.13279194426816]
[135.63739827386397, 67.02149013036201, 52.1379228556747, 5.548798362735677, 21.53319798606704]
[140.49570490044036, 72.66433269084747, 14.382008435102186, 4.200237622911819, 107.6659899303352]
[122.34129205958735, 70.17837212885395, 34.126815263514125, 4.394642557296996, 86.13279194426816]
[142.7773519277384, 69.73468365051733, 34.94645392436167, 4.63945379290289, 86.13279194426816]
[110.52099827214019, 67.25451480761089, 26.03096647544084, 2.769360209945087, 107.6659899303352]
[99.03225371237022, 64.51077788633445, 6.217298169579403, 2.6886095492849877, 1787.2554328435644]
[121.28447761529809, 68.5197950205303, 22.027216652094708, 5.092030029483419, 86.13279194426816]
[124.42678809123092, 66.23635609129116, 11.44097976911304, 4.781009278056068, 43.06639597213408]
[125.37041908198331, 68.47604556690754, 25.769434453201338, 5.703290326790539, 43.06639597213408]
[129.6781342609847, 72.92632360497694, 33.974512207246526, 4.638371289598161, 21.53319798606704]
[149.72266931989276, 72.61384490610024, 34.295021247249736, 6.397352496956246, 86.13279194426816]
[155.78769118277717, 71.9009659979109, 47.05849359132292, 5.563188979277812, 107.6659899303352]
[131.68464898492942, 72.15725332465287, 35.11582849174302, 5.328607161449808, 1335.0582751361565]
[129.76992204986465, 71.28842166233323, 32.02294379107064, 5.000875508001706, 43.06639597213408]
[127.48301569812833, 71.66323115049136, 25.402728348554433, 5.502544288248472, 215.3319798606704]
[99.20498874923462, 69.08673547132244, 22.715116289542085, 5.620627322469843, 86.13279194426816]
[121.60274552219377, 70.84440203929128, 31.636206793168423, 5.615875997399404, 86.13279194426816]
[122.31568872437708, 71.57467386255155, 31.480467560633404, 4.832219016917593, 86.13279194426816]
[133.14701531885706, 71.0186390074253, 22.98499166281655, 4.761716492208935, 86.13279194426816]
[157.01751965128437, 74.29202676690637, 68.63002831659739, 7.115270415680849, 86.13279194426816]
[144.03287452913563, 73.42951681402808, 39.68534845583479, 5.737255571338315, 86.13279194426816]
[132.84033729881833, 69.17911940220537, 31.140906165447348, 5.132672929106889, 107.6659899303352]
[134.12814117931958, 62.61442974338081, 10.575618439580998, 1.2394571249197728, 129.19918791640225]
[226.69971544844157, 64.45853954522357, 63.92494253008033, 3.220341709869432, 258.3983758328045]
[243.5222718283275, 63.6796938345572, 21.16993383038254, 2.1333044394873997, 129.19918791640225]
[148.45994477052395, 66.56663458334332, 42.3158204622919, 5.130956410969081, 279.9315738188715]
[138.03482474495576, 66.51291913524203, 25.15071303266461, 4.364025562419544, 301.46477180493855]
[115.56635448850459, 63.69428161550557, 40.405324673138246, 3.126718557290711, 193.79878187460338]
[145.98841371228113, 67.02381727922797, 19.55114498590053, 2.6203525917039316, 150.73238590246928]
[174.93387367861754, 66.87510759223008, 26.288628069574298, 2.8844090464820042, 129.19918791640225]
[136.96232400142054, 67.92326326560206, 39.15574774197963, 2.9000276783219463, 279.9315738188715]
