[142.9624088518757, 71.99096417855209, 33.39059551171709, 5.440358632850708, 1419.803524017334]
[183.78263645881222, 73.09548059236316, 19.808985841169, 4.107023648568614, 1333.754825592041]
[149.25506165140843, 73.08237441649041, 64.24582056192261, 5.227183719886714, 473.2678413391113]
[175.24902950434276, 74.89680090237415, 70.18521133282202, 7.374783816756104, 3657.069683074951]
[105.83669979680606, 69.15415080055729, 28.85124038668772, 6.061194079073284, 43.024349212646484]
[151.3870523415978, 69.92032818894391, 44.22720231022195, 3.0481939348823417, 172.09739685058594]
[204.41470749623187, 73.10087651987786, 59.75608867772389, 4.761563644570884, 215.12174606323242]
[163.83081855134455, 72.77274333278748, 60.080870223164084, 5.017941893743896, 43.024349212646484]
[159.0463722404744, 69.04876545490248, 40.422779498273165, 4.020676545397983, 43.024349212646484]
[142.60646906466934, 70.89125913854886, 53.043829929541396, 4.915771613089691, 43.024349212646484]
[143.3681021075373, 69.08170007427955, 48.67709564521826, 3.308471919602877, 129.07304763793945]
[153.503169306083, 71.04798481536963, 40.46599837233363, 3.9099026813318556, 215.12174606323242]
[137.76887449221474, 70.6665134886355, 44.01427251945862, 4.176550785956002, 129.07304763793945]
[165.91227029227235, 69.92049967062684, 64.29806746763242, 4.719968179546844, 129.07304763793945]
[158.02842839340926, 70.80672841986525, 55.23502570431482, 4.532408941122602, 172.09739685058594]
[166.86885369363102, 71.2822939608833, 58.37659952768727, 6.266164953203377, 129.07304763793945]
[142.7957545339482, 71.16951942026947, 62.660752507576184, 2.30105083485829, 172.09739685058594]
[170.75778423983476, 72.38356209838135, 66.91617431193534, 4.550826252183696, 86.04869842529297]
[151.19939536218138, 72.8114748082474, 73.58628877015126, 5.05416959272931, 0.0]
[183.1136534802772, 70.34339509431045, 62.6892285643768, 4.8350064060544, 86.04869842529297]
[186.94118820858, 71.51833534008252, 32.71198945329322, 3.7120116927453224, 0.0]
[145.16095323793215, 67.58094511978861, 60.1021265258395, 1.604657303053497, 86.04869842529297]
[139.98914882560848, 72.16915303897312, 58.51291112430371, 5.279534031993897, 172.09739685058594]
[162.01753046790606, 72.55271756217796, 57.604535029938084, 4.9644048158136895, 0.0]
[80.56376180156191, 66.04347638480685, 15.339471310501393, 2.856839606187937, 43.024349212646484]
[154.45963739192726, 68.45785332670134, 58.638019713462086, 4.043887055261962, 215.12174606323242]
[140.45354960955694, 63.056466248272635, 55.30760115797493, 1.722566468932348, 86.04869842529297]
[141.42561428479456, 70.4203614472342, 56.1759587957352, 3.7485602316526667, 344.1947937011719]
[158.1105719237473, 70.92073264887499, 63.39753976700744, 3.9327740751408466, 215.12174606323242]
[162.25576634262552, 70.16488932687544, 64.0585165639537, 3.9931245257535766, 215.12174606323242]
[134.94443579844798, 71.69788708316295, 52.743122566543214, 4.347210327047671, 86.04869842529297]
[150.55139211520165, 70.57971573004671, 63.29629300048817, 4.823253237913465, 43.024349212646484]
[102.89568454450804, 74.1963918523492, 48.51907068718487, 5.284683361907569, 43.024349212646484]
[138.02096930372633, 70.8127950716284, 40.19485678474552, 5.610162270382204, 86.04869842529297]
[63.744537228913195, 59.82073493562541, 8.550544738299926, 0.6113193849394314, 172.09739685058594]
[118.27827173597137, 68.79190355533974, 32.96138921192132, 2.9534134801540235, 86.04869842529297]
[125.82271270445348, 69.27994061235597, 49.714784421227264, 5.294996494071295, 86.04869842529297]
[151.1342219398475, 67.71848764238233, 53.01168676708794, 3.9178536043791605, 129.07304763793945]
[143.65229425265363, 69.27966823735535, 72.91634873853762, 4.926426853282594, 215.12174606323242]
[149.6553582820987, 69.72671785019335, 57.95933462014048, 4.389731815653144, 86.04869842529297]
[152.79463578488617, 70.91329683143265, 59.6053021149364, 4.096900347073751, 172.09739685058594]
[128.466651859698, 68.88192993028092, 65.56130927235162, 4.901911255898222, 43.024349212646484]
[137.33795374661494, 71.59163286637207, 64.70656153256691, 6.00912069509609, 344.1947937011719]
[166.50667375952338, 70.93382137900755, 65.49677149895629, 4.361065879808433, 86.04869842529297]
[159.88932123103078, 71.11642090469883, 58.644728615737336, 4.3998623099269905, 86.04869842529297]
[157.11405063920478, 68.11835317507607, 46.494406304044865, 2.7874886952377187, 1118.6330795288086]
[140.738521489164, 66.88413700843348, 58.91268240569628, 3.2001270503401473, 215.12174606323242]
[128.5072822513982, 74.11405883498162, 54.36943776152813, 3.9498009970154966, 43.024349212646484]
[149.15679297329928, 70.74975472185041, 58.63457903414097, 4.4144775311385756, 43.024349212646484]
[162.8417271645678, 71.17652996403831, 72.1185237041261, 4.894064150540179, 2194.2418098449707]
[192.5051173998124, 67.62445616970889, 62.68322789510437, 2.7481965468452128, 0.0]
[116.98173514580813, 71.15909614391333, 46.791687388070194, 3.0531897941129618, 86.04869842529297]
[138.98906316748585, 71.07616750832962, 58.05129336010146, 4.359573851091149, 86.04869842529297]
[134.100707377003, 69.75682985419151, 61.170103308264125, 3.2336577622063505, 258.1460952758789]
[156.128301136754, 70.41223781705948, 61.62241590403489, 4.29229789903998, 86.04869842529297]
[147.96352172722328, 69.63436810490106, 63.02979274343475, 4.653929062878015, 43.024349212646484]
[122.64651703014151, 71.42627196540093, 52.224743823059654, 2.8146577180552907, 43.024349212646484]
[135.96368808187657, 64.79550718773237, 45.6468241435166, 2.809568663615204, 86.04869842529297]
[138.61906159024744, 67.90126039907378, 53.84651659369325, 2.626230551918796, 86.04869842529297]
[119.33561491365853, 65.69131324972433, 60.88631722945077, 3.003131547941336, 0.0]
[154.27871145892883, 71.53932514961195, 55.54350563177694, 5.289662204722779, 0.0]
[145.64024080165012, 70.6684174280344, 57.062540022561734, 4.297234371065428, 3140.7774925231934]
[134.09050844719175, 70.67199999784052, 50.76610808268299, 4.323251751198931, 86.04869842529297]
[130.62702220136833, 69.18316085409205, 66.95680383131122, 5.78521356120459, 9551.40552520752]
[143.68332273790784, 70.85004383662069, 70.47684198068823, 3.3748809448108106, 43.024349212646484]
[142.81672900162252, 71.35253830904877, 58.42664800868518, 3.614319406149982, 43.024349212646484]
[148.93808309220975, 72.19857368828195, 52.49978180784917, 3.475447073300261, 43.024349212646484]
[119.59502862015101, 65.32371525524742, 49.49270316896617, 1.3778253380633474, 43.024349212646484]
[138.7163629036553, 68.76491655593823, 63.521349289088754, 4.43074029286944, 301.1704444885254]
[162.0951172874525, 74.83286512610044, 67.18516954011062, 3.130939677556176, 215.12174606323242]
[134.90497059974084, 69.76915717092281, 58.89538258441933, 4.184686948534509, 43.024349212646484]
[127.23644713549206, 68.5231039456842, 48.28111259027345, 3.373865238072504, 0.0]
[134.0318865970496, 68.77857084695589, 71.05880997435924, 4.71156448956739, 215.12174606323242]
[132.3536238805523, 69.00160322645496, 63.3704131378418, 3.8924541079417705, 43.024349212646484]
[151.36645106376912, 72.01723838349734, 62.58408184458734, 3.6825054884212154, 86.04869842529297]
[197.31899054699858, 72.75507955512488, 24.91319657588894, 3.7251512666140925, 86.04869842529297]
[169.6832062715808, 70.04942189272461, 38.53184211664161, 3.690622766548803, 9465.356826782227]
[158.9493501123924, 69.64863305827129, 42.04306712993345, 3.5588709984058244, 129.07304763793945]
[136.45261907841063, 70.27632623206831, 37.74003649834669, 3.234521060234594, 43.024349212646484]
[144.91768330844522, 67.67777973187748, 51.10306521971483, 3.955563174466341, 4818.727111816406]
[114.4229699117577, 68.88831344811848, 46.003624899376966, 4.029696436020609, 86.04869842529297]
[154.33293161923706, 72.75333225402557, 55.966744822995246, 6.011911974757877, 86.04869842529297]
[146.8773867868429, 70.67358093738407, 66.31661284299848, 4.350395683598863, 129.07304763793945]
[140.15611529302893, 68.89070324663923, 54.1543674000343, 3.584003115299549, 86.04869842529297]
[186.64993093417849, 76.09300867635596, 89.63453860220692, 4.726399131568652, 86.04869842529297]
[183.45353059091974, 73.55406660272389, 90.27185827859931, 5.602797753256376, 43.024349212646484]
[82.48531767381776, 68.23263072657517, 35.33824354246346, 5.099277165911351, 86.04869842529297]
[179.8052842714671, 70.92781037767188, 75.92065966443265, 4.362693316996429, 473.2678413391113]
[158.7010383775505, 70.73401585339613, 80.66828027684782, 4.699927249574443, 1290.7304763793945]
[103.25803430657339, 69.88052467554434, 72.45005764978563, 5.3678180367962565, 86.04869842529297]
[190.49132678594947, 70.4187847420245, 76.88048887046942, 5.626456317264687, 86.04869842529297]
[154.54196281829454, 68.95067708808413, 51.67358007144187, 4.647044429672294, 43.024349212646484]
[134.5663674911953, 68.06121513101233, 38.00942962016758, 3.2645245767290056, 43.024349212646484]
[165.43971625697773, 69.15990500751954, 52.095907932495464, 3.6911626672375752, 1333.754825592041]
[163.0157751078109, 71.89739572292382, 56.261889789607125, 4.947929177677748, 0.0]
[161.91373332999066, 70.11356556736787, 44.15546323338579, 4.694900034850954, 0.0]
[165.85946946595055, 70.59711168029129, 56.98246711013155, 4.386463519188273, 86.04869842529297]
[171.52932088192023, 72.16155899430274, 59.99915023427729, 5.098290722911838, 0.0]
[130.77075761894312, 73.24112959005888, 47.61125542651096, 5.670811559535815, 43.024349212646484]
[163.08828184364475, 72.73335384327493, 63.2810416373219, 3.591334064380196, 344.1947937011719]
[177.8560256726867, 69.8443466912151, 56.88099198170962, 6.065873992195718, 43.024349212646484]
[137.27640332056072, 70.03926567529106, 50.74133525936943, 4.181285777628984, 215.12174606323242]
[156.4131294456073, 67.83916327837193, 56.080327414515416, 5.333938789768838, 43.024349212646484]
[147.49116265212413, 70.4174218413326, 44.8689050279336, 4.131976684325922, 0.0]
[180.1563930104397, 69.83744567083482, 55.83707941814751, 4.264838398387993, 344.1947937011719]
[139.8019641891149, 71.4692103372804, 48.52121055380366, 4.207677575475518, 86.04869842529297]
[128.01561401601754, 66.03797021041139, 42.95151527560279, 1.8935705492029107, 86.04869842529297]
[130.17385393025236, 66.08768748585165, 44.792815738273625, 2.4310052752498565, 86.04869842529297]
[133.97505035540416, 70.60950643731842, 59.1406320944537, 4.889807917557928, 86.04869842529297]
[169.1568930964623, 70.1002282063539, 67.66269434876592, 4.555409263955661, 43.024349212646484]
[151.66214624444726, 70.01316171882097, 54.5491645962915, 4.604254394504154, 86.04869842529297]
[131.82635909698288, 64.66608382734582, 50.55226158334161, 2.9584196517943586, 86.04869842529297]
[152.7421651442885, 69.77073448957991, 54.34927830605962, 5.210265769266642, 43.024349212646484]
[170.424810578226, 70.55457730133261, 75.79978889290834, 5.061773597689252, 301.1704444885254]
[107.18546885944714, 74.5217606618603, 54.09211868232803, 5.180887675262483, 8303.699398040771]
[158.39595686476773, 71.32116405603985, 66.66837010926433, 3.5437404130558785, 86.04869842529297]
[156.49307521494327, 69.2102625725715, 63.59685168297399, 3.7577463172642953, 43.024349212646484]
[128.75118112742842, 69.89924325886284, 55.543090837661104, 5.537756816536838, 301.1704444885254]
[145.31513146430981, 70.59645471836092, 54.66603690461165, 3.6954365833507157, 86.04869842529297]
[146.16912695029777, 71.19087211143858, 66.8226244107535, 4.411357305234341, 301.1704444885254]
[129.95285834797875, 70.60119931149858, 61.239651575366445, 2.8345090102983344, 86.04869842529297]
[128.67864350612535, 70.97277518966243, 56.65181960722725, 4.286101660440265, 903.5113334655762]
[147.36785393774252, 70.72074606385192, 61.01584245713139, 3.7894721521379013, 86.04869842529297]
[190.65507056376882, 71.16386094661645, 47.849720749666716, 3.841722981533725, 215.12174606323242]
[157.71246824562317, 70.375032357075, 48.80644601697352, 2.7175555632553663, 86.04869842529297]
[129.18244222360636, 68.97551042997947, 54.09078490913969, 4.313037521059427, 86.04869842529297]
[65.72492879024023, 68.15514519241269, 9.977824518755927, 2.4977353167305223, 989.5600318908691]
[149.44914337014978, 72.0302152023383, 69.47900659498853, 5.7270584127433155, 43.024349212646484]
[130.75809777146299, 66.84771665491563, 48.58537459107605, 2.821079536371391, 5980.384540557861]
[148.70918345795783, 68.25803221490047, 65.20201495463945, 5.1720366481005895, 0.0]
[124.7780437427683, 64.72039886257564, 43.53188461662156, 3.4026793823014, 86.04869842529297]
[158.7266999975957, 70.34599274984346, 61.86911126477479, 3.5144846842634707, 215.12174606323242]
[131.69096541595118, 68.87365899190186, 53.48572579223483, 4.012592868237488, 172.09739685058594]
[184.47144872047792, 71.15392900573416, 54.03944917673421, 3.8635446942646983, 301.1704444885254]
[137.20938176003523, 67.82816467752008, 42.28598098411775, 2.6298601524358953, 0.0]
[139.17647762306584, 75.26639442691763, 69.78627832815974, 3.7727249433099592, 43.024349212646484]
[188.4857300231775, 75.3014736417308, 77.7411276055737, 4.707841641994418, 43.024349212646484]
[134.47589881025294, 65.14887679115816, 62.6574266585311, 3.298077368722671, 43.024349212646484]
[167.37328759235743, 70.97392978553991, 63.05213248380933, 3.7589498638624206, 344.1947937011719]
[149.6182758438508, 71.87232424009107, 58.74322816291048, 3.510586857808525, 86.04869842529297]
[151.2250265664792, 66.60565438684677, 46.04406778014591, 4.668895087074436, 0.0]
[178.32241157283286, 71.6581101756669, 77.22658486002182, 4.183259759203279, 215.12174606323242]
[132.34483809477862, 69.81206363448906, 54.85125308451363, 3.312168675007624, 0.0]
[114.63268619755165, 63.39926420824839, 41.9308453532824, 2.4164431748906465, 5894.335842132568]
[159.38069222811907, 68.38539244542669, 55.63113536905752, 4.153081643378618, 43.024349212646484]
[143.68719327815782, 71.99606017081804, 67.7311780684727, 4.721606509125368, 43.024349212646484]
[157.80514405843314, 71.14414905506467, 60.888304564545, 5.195354374433313, 86.04869842529297]
[142.25224424447796, 66.88607145961409, 47.68444671821161, 3.3573567121252337, 301.1704444885254]
[140.73238816144095, 68.7662702395597, 45.94568547427774, 3.3418060208233666, 0.0]
[184.69431993914193, 70.93819329036042, 78.35192977657024, 2.643584637203522, 43.024349212646484]
[156.2555900409128, 71.4346396779343, 66.7863558714774, 5.1938103316422035, 86.04869842529297]
[163.53417926887786, 71.48914203038359, 56.61192923758263, 4.113596134676209, 989.5600318908691]
[160.70038425375535, 69.79091248783398, 51.28807450939667, 4.4525009880412245, 172.09739685058594]
[129.61402315865715, 64.87508080402667, 40.4548432088191, 2.9648487415399627, 86.04869842529297]
[199.0639190149948, 71.33988780955455, 68.97993701430492, 4.02034471434398, 215.12174606323242]
[160.02599396408363, 68.32147377455668, 52.28133762498731, 5.093827158227137, 0.0]
[112.51059432670324, 69.17783843617855, 59.32295333658171, 3.3200536250535717, 215.12174606323242]
[151.51658180314084, 69.83737931828061, 65.53697276373481, 3.412612831940367, 86.04869842529297]
[106.08909251164157, 64.03460031062309, 47.70339489857879, 2.751380750884131, 215.12174606323242]
[206.1733781730744, 71.30820868099589, 70.25902579999453, 5.2664853488358485, 86.04869842529297]
[193.18214687393564, 71.37734150902794, 73.50121449606767, 4.648773160700463, 43.024349212646484]
[170.58154282157568, 73.13775758625397, 79.96343591495504, 5.483722887958906, 0.0]
[153.40727371991667, 71.40576222709231, 89.87308015208575, 6.22374486496126, 0.0]
[139.91861328451748, 70.45959474312527, 64.7369569822243, 3.8556543512773036, 258.1460952758789]
[125.22010019955762, 69.01676928013993, 49.5698359354918, 4.115717272481034, 43.024349212646484]
[148.87613993936446, 71.26456973278657, 67.98628852656695, 4.828731119257124, 86.04869842529297]
[136.34327959275163, 68.3682660959533, 71.09269100572403, 5.005388795139934, 2753.558349609375]
[144.71730311322008, 70.4383779843823, 76.1645802986906, 4.281989621970901, 301.1704444885254]
[176.7365131360511, 68.43790124335486, 77.3522181903251, 4.311986836760399, 86.04869842529297]
[147.73619891968596, 69.86194453094933, 72.913864897203, 4.330869175336509, 43.024349212646484]
[175.19882290179106, 70.26201202967262, 41.43662861320454, 4.1002037924748915, 3484.9722862243652]
[176.72222047684247, 68.75729831267462, 57.607673488501504, 4.0346089566486505, 86.04869842529297]
[142.69229293178438, 67.38683674595038, 61.66781727365184, 3.967016345498493, 86.04869842529297]
[147.61294749746375, 67.63975707665375, 58.94697771518705, 2.9351936377225667, 43.024349212646484]
[178.1411558114348, 70.3515140243267, 73.65166086770385, 3.8313369737633485, 86.04869842529297]
[143.78329717044332, 68.52768283274811, 55.47856698735389, 3.493693946789982, 86.04869842529297]
[144.60189549064552, 70.58824134916033, 55.723618546555876, 5.412323944519704, 0.0]
[143.92865698806966, 69.80989758952748, 56.11156562621871, 3.8373896188000503, 172.09739685058594]
[158.80360193677035, 67.81576367761309, 70.57666899580374, 5.163279319899368, 86.04869842529297]
[170.51230927846345, 73.57066092889258, 79.74724171568218, 3.2037024115760504, 0.0]
[140.16624045822473, 70.83318456123415, 65.80749445970143, 5.323150761364968, 43.024349212646484]
[156.29554162277074, 70.49415597878104, 53.31925175570654, 4.0485665808329685, 301.1704444885254]
[168.52766075015924, 69.7848434841394, 63.858369530623136, 5.826262688583125, 9121.162033081055]
[137.9529956395253, 71.15366654110784, 45.01959131049879, 4.210951129312041, 86.04869842529297]
[151.7629432133032, 71.1755031612202, 68.59943562900747, 4.669136202016857, 2710.5340003967285]
[113.85436031815448, 69.03600939056722, 51.42929988044672, 4.393728535845073, 43.024349212646484]
[149.79058972875848, 66.68898619997135, 56.25061548605659, 3.9965332196979038, 86.04869842529297]
[115.27071787797873, 68.90404521996582, 47.99392210849567, 4.021832315278038, 989.5600318908691]
[136.16926199173588, 68.24173214781906, 67.10909342395847, 3.935599537992322, 86.04869842529297]
[150.42354744235038, 69.9909216354462, 44.061705037985966, 4.17367523782487, 0.0]
[153.25856664938541, 67.7751286944328, 32.51597183355559, 2.923675289296281, 215.12174606323242]
[138.68831632728032, 68.68257296206191, 48.27456478057995, 3.9151145818713085, 215.12174606323242]
[127.36498457595475, 70.19931184188016, 51.034024011743, 5.360895152634917, 172.09739685058594]
[198.29781583937034, 71.73439404530774, 68.77596479422762, 3.977604614002465, 215.12174606323242]
[200.5591589787984, 69.70317442656881, 60.50504852033942, 4.81091355811408, 43.024349212646484]
[134.06599711146552, 68.80780142525643, 43.57326854600134, 2.612926671082071, 0.0]
[191.55438223247472, 72.38350647858425, 88.96243998590093, 6.974281028402111, 0.0]
[153.7602600525742, 69.00022408402472, 72.73075883748452, 4.202762748160649, 989.5600318908691]
[140.5226005120696, 69.19646203410079, 76.09325387010452, 4.458868486060427, 86.04869842529297]
[193.92908607667223, 70.67115449120496, 58.776730942263214, 3.456620838113195, 215.12174606323242]
[173.58762730249174, 71.93692539246342, 41.739690128585764, 4.331960981523935, 215.12174606323242]
[56.210214162470024, 62.837289218207296, 3.0185704826835145, 1.8280843561688243, 86.04869842529297]
[161.9376571020766, 69.9386353225678, 81.7921447577882, 5.402904514413112, 215.12174606323242]
[176.06678450528236, 71.14309694053986, 66.55942761646172, 3.8454787493551748, 86.04869842529297]
[156.35642904355691, 70.38351503092787, 68.6789042506536, 5.204422808463394, 0.0]
[125.05867105206073, 65.27290110045347, 56.91895180475882, 3.802880530356385, 11487.501239776611]
[147.5719267420495, 70.53002583477654, 62.07136472835588, 3.940631652760627, 215.12174606323242]
[132.90691886049933, 71.5798600078617, 63.007940385415026, 2.6761046274807105, 43.024349212646484]
[146.22318073966224, 70.54214071875968, 63.512740035371856, 4.170519768742931, 43.024349212646484]
[189.8266644585818, 72.21311235976466, 71.89141582359268, 2.601966231992034, 215.12174606323242]
[168.91928735620547, 70.89572428747721, 65.40887993072943, 3.445768247254944, 215.12174606323242]
[141.45669336568747, 70.12389907451384, 58.416219410681634, 6.866373376715796, 86.04869842529297]
[183.13783916639284, 72.8367856339635, 52.0123227758631, 3.621784182665209, 43.024349212646484]
[109.64029295080283, 70.48543426267682, 44.4298291377642, 4.342160868789517, 0.0]
[128.84955174848193, 69.89745269965243, 56.97032107019811, 4.339689693238638, 86.04869842529297]
[126.95003817479672, 67.37576947646444, 46.28010513843208, 3.0786944900904545, 559.3165397644043]
[141.83038844640967, 69.61704037153187, 55.65399946015965, 4.025689247547686, 86.04869842529297]
[141.4140561260761, 67.42279867574291, 42.93169827082529, 3.676276186163119, 301.1704444885254]
[137.00627984148093, 69.4358981716428, 68.90153079241328, 4.843981673977542, 215.12174606323242]
[127.1181093741218, 70.4599712245667, 56.69796477614944, 4.199748882415578, 4775.70276260376]
[221.04745441942703, 71.68449493375402, 56.959449258140474, 3.298028840363776, 215.12174606323242]
[201.38617701392673, 73.30896297213836, 56.247553470555005, 4.251003831480936, 86.04869842529297]
[180.1225991433238, 71.08540798654413, 64.8914820947527, 4.604472800777483, 215.12174606323242]
[192.31440857132972, 72.43252732037242, 41.31203876876859, 4.683050270304806, 215.12174606323242]
[186.63562826438442, 73.10085810371186, 40.8224436773048, 3.946060749151779, 215.12174606323242]
[131.9862389111756, 69.20192373975775, 49.6531386357014, 3.9987997713763654, 215.12174606323242]
[135.6173865421925, 68.94997328797048, 49.47319709161183, 4.8676183010628735, 86.04869842529297]
[183.3787214961446, 70.60733388019588, 60.284605535831034, 5.197204190147947, 86.04869842529297]
[143.44465307320945, 68.31666395788726, 66.45411090172493, 3.670332084138761, 86.04869842529297]
[161.6144028095181, 67.62982927081877, 61.59504558188794, 3.7500018636129813, 172.09739685058594]
[155.67791925681837, 69.40759511094893, 71.3734660017741, 4.436293597259019, 0.0]
[164.40568303081494, 70.37849946239473, 49.90030501766469, 4.563001326165658, 172.09739685058594]
[176.6711887817746, 70.42005611392108, 72.08146134888044, 3.9884041229688036, 215.12174606323242]
[160.3941688261435, 70.1685043681911, 59.61731565042311, 3.7537928529322158, 43.024349212646484]
[146.09716708793644, 69.54640311313715, 54.58153269416715, 3.8070745173870764, 86.04869842529297]
[144.57886792584765, 69.243511008753, 53.83733563252072, 3.5834508558939193, 86.04869842529297]
[136.5236126484153, 69.65058952535304, 56.69895684352985, 3.9547878515319725, 43.024349212646484]
[130.16277737949508, 64.73243806803481, 60.83044631397395, 3.9751437538939762, 43.024349212646484]
[127.5748227238523, 71.73418963010168, 66.78756301344072, 4.214741332241927, 86.04869842529297]
[140.40126121300818, 71.8321080280968, 59.61844163244088, 3.8221300821742865, 86.04869842529297]
[135.72460816461472, 70.63500579334325, 47.3220041567866, 4.506397013919438, 86.04869842529297]
[125.69374222259165, 68.1710625813723, 63.44990796658809, 3.3381114348353216, 86.04869842529297]
[150.67578743190342, 72.89357478051762, 52.410633134610606, 6.319883820232585, 1850.0470161437988]
[129.5117067675698, 66.55881441070441, 52.98566213097907, 5.520379287126215, 86.04869842529297]
[123.91522431608139, 68.60144297872824, 57.350649548338424, 3.594550156674216, 172.09739685058594]
[129.37874199685527, 69.96076825675586, 51.45987864854067, 4.900107356107093, 86.04869842529297]
[178.58793112557944, 71.41368086429958, 48.58975311744038, 4.46764098968951, 43.024349212646484]
[164.34417247144188, 70.96716028669576, 55.25790283261539, 4.963493454989801, 86.04869842529297]
[178.56141868582523, 71.82534103775491, 50.319011658321955, 3.6842658210143986, 86.04869842529297]
[169.11179748569486, 70.25777268532941, 63.17604241848173, 4.048789141389688, 43.024349212646484]
[168.11617521695015, 69.37398394973238, 60.416187841846885, 4.6288896490597, 301.1704444885254]
[111.11201905394118, 70.75406797444674, 55.32371972089153, 3.725059478464921, 0.0]
[189.18842729113018, 71.10645915839399, 32.705911118329865, 3.664299523421419, 86.04869842529297]
[171.9605010600376, 67.30262037750471, 43.39988139544701, 3.785749891865772, 2882.6313972473145]
[179.21384879812757, 72.67395765911833, 47.114368733342815, 3.081184995831604, 215.12174606323242]
[136.07144593910232, 68.60948280317764, 57.636877020782094, 3.576398238890081, 43.024349212646484]
[142.54156441376105, 71.3948727018808, 52.96203439722043, 4.655017848639673, 43.024349212646484]
[166.03093488120192, 69.62021962518769, 55.36277446423226, 4.574428614935566, 43.024349212646484]
[206.83145618717717, 68.45623410097578, 7.519881804693176, 5.221771729788279, 0.0]
[138.77994413071227, 67.79281792185863, 54.20374633854748, 4.549473182753414, 172.09739685058594]
[117.37977984911852, 67.12423093880243, 39.23557780687034, 3.594172208122848, 86.04869842529297]
[124.49141876989968, 67.73576167931988, 37.75165599432247, 4.364951329470504, 172.09739685058594]
[115.46152895415311, 65.67664306694137, 36.28553354937544, 3.411416017267323, 86.04869842529297]
[138.15010224159985, 68.38449109643935, 53.53450726437188, 4.415797464877136, 0.0]
[136.80033556015044, 62.0327751126334, 85.1391325923691, 1.6998266649165228, 86.04869842529297]
[151.61458074499544, 65.93196666622072, 63.64222683503571, 2.555493840164523, 86.04869842529297]
[147.21389355828754, 69.76901123141268, 53.68183804272742, 4.487692585149782, 172.09739685058594]
[107.66775498109507, 66.1418967559917, 39.710068955235364, 2.235776359628792, 1936.0957145690918]
[160.1272994578296, 69.58681656997662, 49.72837348956067, 3.837482503850152, 86.04869842529297]
[157.197858150802, 67.83337035389259, 71.0308308625214, 4.812613769948528, 215.12174606323242]
[157.93534206884567, 68.09196387029453, 60.47365561836606, 3.871693539396729, 172.09739685058594]
[151.35636767422972, 69.08633815912938, 61.33771284868308, 4.08197500246941, 86.04869842529297]
[128.02977264809726, 68.5875585096286, 96.85810577879283, 7.822243328299947, 215.12174606323242]
[139.1213326411522, 68.31150791624414, 48.62711520743275, 4.816609228421527, 86.04869842529297]
[109.85181108751041, 66.02607728393075, 41.8199380836447, 4.074661267795264, 86.04869842529297]
[127.75311247746791, 68.19575968282456, 43.06406476263433, 3.3459330429861813, 43.024349212646484]
