['Angry', 'Fear', 'Happiness', 'Sad']
Pitch, Sound Level, Pitch Variance, Sound Level Variance
[158.8085705337421, 65.8250718075525, 33.93346597301468, 3.347058044604545]
[38.78470867763714, 1.8567414400964664, 11.970552123366794, 0.9784775294883837]
[143.17025461252013, 62.44724734322395, 16.997112512234306, 1.7014955523898179]
[21.57562461388585, 1.4248211100204278, 12.0682133707745, 0.8454325461270603]
[130.74231122694536, 65.21597010524418, 19.992727812490656, 2.852109320575468]
[24.252683756030297, 2.8903741416656143, 11.882354028038657, 1.1612115454119392]
[128.33869869238222, 62.58683890002328, 17.292763308690414, 1.3955191991931974]
[47.454447374139264, 1.72612977693465, 16.607797273916127, 0.6425928933454222]
