[107.36304293657584, 66.00018719869648, 30.945080404201217, 3.9533228780664045]
[115.75678045997743, 67.50043599775246, 30.665264063072566, 3.2928990655042614]
[128.71702828975313, 66.07376841487506, 31.31509416183524, 4.71148196394199]
[108.24648778872579, 63.554361580781624, 27.39891348034545, 2.534272001716488]
[119.73816414272487, 65.97081913821776, 25.5413232895893, 3.384442269513852]
[92.98635339422589, 63.77010717816241, 28.402662542103624, 2.4808310666083724]
[97.89979993837812, 61.53842808420053, 21.826691235693897, 1.744169302067505]
[97.72296743216708, 64.51149383515586, 27.31702744051855, 3.6399858052311913]
[124.62908193117683, 65.44838267104488, 35.15326748991703, 3.24319015054023]
[109.75627389417316, 68.2602838287877, 27.70101341359331, 4.450951886327303]
[95.82786319618907, 64.9705386331102, 27.46672749980172, 3.2819242357417986]
[122.27801694865859, 68.01220639337392, 19.371470159884083, 4.471841474708815]
[121.52681432035143, 66.43241670815505, 22.892281519057903, 3.9360154153091043]
[91.73602938168983, 64.01133659190283, 23.842649151758327, 2.337299167466176]
[113.84967345650325, 66.29073304217772, 19.60138689260935, 3.892207820859118]
[118.13005783305508, 67.34928459778823, 21.076990501105847, 3.5842854686500782]
[86.60716229786158, 65.24889399321096, 16.020803279831657, 3.142267673792055]
[123.85327517235766, 65.36972857742217, 38.0674675761998, 4.045984012910457]
[108.20623523151959, 66.8471165278808, 21.5281981618693, 2.740695326905927]
[107.35017306433339, 64.2824364951802, 22.88726194395174, 3.1867701380038116]
[113.08246128065946, 69.16261551457544, 13.274183868790454, 3.613795836901042]
[109.07202800694316, 65.5268543697542, 31.542501380994548, 2.79650148538147]
[120.19542828667801, 70.66685155974392, 29.103004817160226, 5.288307714159349]
[103.57561106520616, 65.42616109529192, 21.04985567254126, 4.577154763530274]
[118.4119182115984, 68.07373759568176, 28.83444889748373, 3.59534583976177]
[132.62715834170086, 66.18891417662472, 27.247483467993913, 4.112473974303294]
[117.20746892223998, 66.11500825513723, 30.27557623600985, 3.1749620574437025]
[146.6637689151467, 67.90410196083047, 25.98869893667354, 3.790636278613699]
[120.51174133654706, 67.54065929096583, 32.79017459944788, 3.930288466099248]
[122.1912459650264, 67.63530747037234, 20.306392393409475, 4.3531252218356435]
[147.41311554139187, 69.12166205164479, 40.5844004094222, 5.308033071591621]
[135.0307935420192, 68.62902471191191, 32.328023380056884, 4.470801970949415]
[101.15448687708822, 62.323365974558484, 35.38676761099017, 1.015134545486266]
[133.50236199271265, 67.73742278128415, 36.70869432089977, 3.8383066646163067]
[119.88129263553868, 68.30775625323298, 5.371442854792622, 2.1347824974752565]
[117.22889178687285, 66.7877703816883, 23.89883790302861, 3.695898150550232]
[114.15639626856789, 67.98766456664536, 19.732805626222156, 3.5737120048156084]
[123.25932013913635, 67.11878294672648, 30.87574536740977, 4.06934459358889]
[121.01721937229384, 67.54282711858589, 22.75861150774718, 3.996949658977361]
[116.0454868744563, 66.0335441033684, 16.496172010080315, 3.3308906310510955]
[129.78455328159177, 68.4668737103718, 30.148576272137397, 5.105393312541039]
[111.23074522301991, 67.22458527611043, 19.533946507752997, 3.3577207322856117]
[121.12435674288803, 67.11737476481672, 23.725884317596577, 3.3570075113206475]
[109.89783944774622, 67.4251946266672, 27.28640848428583, 3.9387534542056777]
[111.41099017839873, 67.27934430392585, 33.3719771000156, 4.0763157894537025]
[109.86605544772415, 66.83912946465907, 18.296139646278505, 4.29029630378386]
[124.30407764968894, 68.76118967955911, 16.160526516737555, 3.42776282214538]
[118.5534565730943, 68.91440525097636, 20.16326266470465, 3.1887710672840583]
[128.8553719457104, 67.5141253531988, 32.0005038161104, 4.762601848640768]
[110.62991765023217, 66.83483320645564, 23.439575593342017, 3.5394133048322276]
[104.24546064423312, 67.14200445127133, 24.450242371387873, 3.789207707084067]
[145.17910994556885, 71.70755365072768, 31.276945622559506, 3.361180383559678]
[140.57717990952395, 68.6383525803055, 47.65289545909657, 3.952287337235544]
[129.84326731089985, 67.69689689531482, 32.74555140443143, 3.451332822945351]
[195.0519623323144, 69.49999698203649, 41.28501938465478, 5.142324763442543]
[133.75360832233864, 70.1082758187239, 5.543111312595103, 4.1560479833092145]
[145.21702104997092, 70.32527187014729, 30.040848070493908, 4.288508821800904]
[139.52351747330746, 68.62152400640568, 27.84192363565085, 4.330130063624424]
[130.04261509546174, 68.1950544090657, 41.0603480656437, 3.7765825611550374]
[146.06007270220945, 69.40823820469419, 39.15111250332618, 4.1065101890719475]
[117.46180911446874, 67.94019289887554, 47.19242758389312, 4.581695165315414]
[122.6145902556033, 70.11530648223754, 35.01680421602664, 4.0291894944828766]
[164.66368500397206, 72.64961301505674, 44.047980081351184, 2.401294107818569]
[123.24191090500403, 72.49181711682203, 10.265440784004161, 2.61876812956098]
[146.7183460894655, 72.45894013097676, 34.40495090526586, 5.146814849126618]
[162.41961190407048, 67.99811999406913, 62.39313983686285, 5.874404917254953]
[125.39448017697394, 70.38142638572502, 29.32527344893233, 4.755351603132524]
[115.77407077166518, 69.04627435584912, 34.60509963838845, 3.586196621567073]
[116.82631693031726, 68.15235370067427, 32.267590597868384, 5.009520210922428]
[102.39907167376852, 68.29452742470282, 15.714769277952225, 3.4109681997401764]
[144.30803400302392, 70.86639259959652, 37.75695104023516, 3.9874347704999695]
[116.18665596216425, 69.58437035980145, 30.737858249228726, 6.1619680483673]
[115.61063997016963, 68.21137580789306, 38.12983275613697, 4.693979208335398]
[107.6432800476688, 69.48088893405664, 22.87925184507385, 5.257078728755989]
[90.83158873899984, 69.25445181478263, 18.833747081181684, 4.144581058573418]
[117.04569424746173, 70.27804384596503, 36.01097289861916, 3.480222224600837]
[136.18917180552245, 72.47907769288453, 23.012265953528537, 5.975078174140836]
[94.26887203761308, 69.30440632006189, 20.12577252531231, 3.1736181413407514]
[134.35450663980507, 71.6836000348899, 25.32468823096849, 4.320804797016078]
[124.27956370808211, 69.14965710866232, 17.16347001830728, 4.831308307545873]
[111.55326464565964, 69.62533716807653, 7.000352811318293, 4.73849012819923]
[140.93150497343328, 68.09689468659353, 29.292277721054315, 3.810641131227243]
[147.78918336633762, 69.15099908173295, 26.24025971253878, 4.54291409844236]
[121.44593495723333, 66.58461580204806, 15.052948331141238, 3.9168394825540034]
[125.69541714404833, 68.72001498371087, 28.617778651813396, 4.586895693702561]
[137.77950317415258, 68.31144282819861, 36.211166134758024, 3.90914208181046]
[142.4922885504994, 68.35503320675295, 30.642079812984658, 2.405370001466635]
